0	2
1	3
2	4
3	5
4	6
5	7
6	8
7	9
8	10
9	11
10	12
11	13
12	14
13	15
14	16
15	17
16	18
17	19
18	20
19	21
20	22
21	23
22	24
23	25
24	26
25	27
26	28
27	29
28	30
29	31
30	32
31	33
32	34
33	35
34	36
35	37
36	38
37	39
38	40
39	41
40	42
41	43
42	44
43	45
44	46
45	47
46	48
47	49
48	50
49	51
50	52
51	53
52	54
53	55
54	56
55	57
56	58
57	59
58	60
59	61
60	62
61	63
62	64
63	65
64	66
65	67
66	68
67	69
68	70
69	71
70	72
71	73
72	74
73	75
74	76
75	77
76	78
77	79
78	80
79	81
80	83
81	84
82	85
83	86
84	87
85	88
86	89
87	90
88	91
89	92
90	94
91	95
92	96
93	98
94	99
95	101
96	102
97	103
98	104
99	105
100	106
101	107
102	108
103	109
104	110
105	111
106	112
107	113
108	114
109	115
110	116
111	117
112	119
113	120
114	121
115	122
116	123
117	124
118	125
119	126
120	129
121	130
122	131
123	132
124	133
125	135
126	136
127	137
128	138
129	139
130	140
131	141
132	142
133	143
134	145
135	146
136	147
137	148
138	149
139	150
140	151
141	152
142	153
143	154
144	155
145	156
146	157
147	158
148	159
149	160
150	161
151	162
152	163
153	164
154	165
155	166
156	167
157	168
158	170
159	171
160	172
161	173
162	174
163	175
164	176
165	177
166	179
167	180
168	181
169	182
170	183
171	184
172	185
173	186
174	187
175	188
176	189
177	190
178	191
179	192
180	193
181	194
182	195
183	196
184	197
185	198
186	199
187	200
188	201
189	203
190	204
191	205
192	206
193	207
194	208
195	210
196	211
197	212
198	213
199	214
200	215
201	216
202	217
203	218
204	219
205	220
206	221
207	222
208	223
209	9493
210	225
211	226
212	227
213	228
214	229
215	230
216	231
217	232
218	233
219	234
220	235
221	236
222	237
223	238
224	239
225	241
226	242
227	243
228	244
229	245
230	246
231	247
232	248
233	249
234	250
235	251
236	252
237	253
238	254
239	255
240	256
241	257
242	258
243	259
244	261
245	262
246	264
247	265
248	266
249	267
250	268
251	269
252	270
253	272
254	273
255	274
256	275
257	276
258	277
259	278
260	279
261	280
262	281
263	282
264	283
265	285
266	286
267	287
268	288
269	289
270	290
271	291
272	292
273	293
274	294
275	295
276	296
277	297
278	298
279	299
280	300
281	301
282	302
283	303
284	304
285	305
286	306
287	307
288	308
289	309
290	310
291	311
292	312
293	313
294	315
295	316
296	318
297	319
298	320
299	321
300	322
301	323
302	324
303	325
304	326
305	327
306	328
307	329
308	330
309	331
310	332
311	333
312	334
313	336
314	337
315	338
316	339
317	340
318	342
319	343
320	345
321	346
322	347
323	349
324	350
325	351
326	352
327	353
328	354
329	356
330	357
331	358
332	359
333	360
334	361
335	362
336	363
337	364
338	366
339	367
340	368
341	369
342	370
343	371
344	372
345	374
346	375
347	376
348	377
349	378
350	379
351	380
352	381
353	382
354	383
355	384
356	385
357	386
358	387
359	388
360	389
361	390
362	391
363	392
364	393
365	394
366	395
367	396
368	397
369	398
370	399
371	401
372	402
373	404
374	405
375	407
376	408
377	409
378	410
379	411
380	413
381	414
382	415
383	417
384	418
385	420
386	421
387	422
388	423
389	424
390	425
391	426
392	428
393	430
394	432
395	433
396	435
397	436
398	437
399	438
400	439
401	440
402	441
403	442
404	444
405	445
406	447
407	450
408	451
409	452
410	453
411	454
412	455
413	457
414	458
415	459
416	460
417	461
418	462
419	463
420	465
421	466
422	467
423	468
424	469
425	470
426	471
427	472
428	473
429	475
430	477
431	478
432	479
433	481
434	482
435	483
436	484
437	486
438	487
439	488
440	489
441	491
442	492
443	493
444	494
445	496
446	498
447	499
448	501
449	502
450	503
451	505
452	506
453	507
454	509
455	511
456	513
457	514
458	515
459	517
460	518
461	520
462	521
463	523
464	524
465	525
466	526
467	527
468	528
469	529
470	530
471	532
472	533
473	534
474	535
475	536
476	537
477	538
478	540
479	543
480	544
481	545
482	546
483	547
484	550
485	551
486	552
487	553
488	555
489	557
490	559
491	563
492	566
493	567
494	568
495	569
496	570
497	571
498	572
499	573
500	574
501	575
502	576
503	577
504	578
505	579
506	580
507	583
508	584
509	586
510	588
511	589
512	590
513	591
514	593
515	594
516	595
517	596
518	597
519	598
520	14412
521	600
522	601
523	602
524	605
525	606
526	607
527	608
528	609
529	611
530	612
531	613
532	615
533	616
534	617
535	620
536	621
537	622
538	623
539	626
540	627
541	628
542	629
543	631
544	632
545	633
546	634
547	635
548	638
549	639
550	642
551	643
552	644
553	646
554	647
555	648
556	651
557	652
558	653
559	655
560	656
561	658
562	659
563	662
564	665
565	666
566	667
567	668
568	669
569	670
570	671
571	672
572	673
573	674
574	675
575	676
576	677
577	678
578	679
579	680
580	681
581	682
582	683
583	686
584	688
585	689
586	690
587	691
588	692
589	693
590	697
591	699
592	702
593	704
594	705
595	706
596	709
597	711
598	712
599	714
600	715
601	716
602	718
603	721
604	722
605	723
606	724
607	726
608	727
609	728
610	730
611	731
612	733
613	734
614	735
615	736
616	737
617	738
618	739
619	740
620	741
621	742
622	744
623	749
624	751
625	753
626	755
627	758
628	760
629	761
630	762
631	763
632	764
633	765
634	766
635	767
636	768
637	769
638	770
639	771
640	772
641	773
642	774
643	776
644	778
645	779
646	780
647	782
648	784
649	786
650	787
651	788
652	789
653	791
654	794
655	796
656	797
657	798
658	800
659	802
660	803
661	805
662	806
663	807
664	808
665	810
666	815
667	816
668	819
669	820
670	821
671	822
672	825
673	827
674	828
675	829
676	830
677	831
678	832
679	833
680	834
681	837
682	840
683	841
684	842
685	843
686	844
687	845
688	846
689	847
690	848
691	850
692	851
693	854
694	856
695	857
696	858
697	859
698	860
699	861
700	862
701	864
702	865
703	868
704	869
705	870
706	871
707	872
708	874
709	875
710	876
711	878
712	879
713	880
714	881
715	882
716	883
717	885
718	888
719	889
720	890
721	892
722	893
723	897
724	898
725	900
726	901
727	902
728	903
729	904
730	908
731	909
732	910
733	9223
734	914
735	917
736	918
737	919
738	921
739	923
740	924
741	925
742	927
743	929
744	931
745	932
746	934
747	935
748	937
749	938
750	940
751	941
752	942
753	944
754	945
755	946
756	947
757	948
758	949
759	951
760	952
761	954
762	957
763	962
764	963
765	964
766	968
767	969
768	972
769	973
770	975
771	976
772	977
773	978
774	979
775	980
776	982
777	983
778	984
779	985
780	986
781	988
782	990
783	991
784	992
785	994
786	996
787	997
788	999
789	1001
790	1002
791	1005
792	1007
793	1009
794	1010
795	1011
796	1012
797	1013
798	1014
799	1015
800	1016
801	1017
802	1018
803	1020
804	1021
805	1024
806	1025
807	1026
808	1027
809	1028
810	1029
811	1030
812	1031
813	1036
814	1038
815	1039
816	1040
817	1041
818	1042
819	1046
820	1047
821	1048
822	1050
823	1051
824	1052
825	1056
826	1057
827	1059
828	1060
829	1061
830	1062
831	1066
832	1069
833	1070
834	1072
835	1074
836	1075
837	1076
838	1077
839	1079
840	1082
841	1083
842	1085
843	1086
844	1087
845	1088
846	1090
847	1091
848	1094
849	1095
850	1096
851	1097
852	1098
853	1099
854	1100
855	1101
856	1102
857	1103
858	1104
859	1106
860	1107
861	1108
862	1110
863	1112
864	1114
865	1115
866	1117
867	1118
868	1119
869	1121
870	1122
871	1129
872	1130
873	1131
874	1133
875	1134
876	1135
877	1137
878	1139
879	1141
880	1143
881	1144
882	1145
883	1147
884	1149
885	1150
886	1151
887	1154
888	1155
889	1157
890	1158
891	1159
892	1160
893	1161
894	1164
895	1166
896	1170
897	1171
898	1174
899	1177
900	1180
901	1184
902	1185
903	1186
904	1187
905	1188
906	1190
907	1191
908	1195
909	1198
910	1200
911	1201
912	1204
913	1206
914	1209
915	1210
916	1215
917	1216
918	1217
919	1220
920	1222
921	1223
922	1224
923	1228
924	1232
925	1234
926	1236
927	1238
928	1239
929	1241
930	1242
931	1245
932	1246
933	1248
934	1251
935	1255
936	1257
937	1258
938	1259
939	1260
940	1261
941	1262
942	1264
943	1266
944	1269
945	1271
946	1272
947	1274
948	1276
949	1278
950	1279
951	1280
952	1281
953	1282
954	1283
955	1285
956	1288
957	1289
958	1291
959	1292
960	1293
961	1294
962	1296
963	1297
964	1300
965	1303
966	1305
967	1306
968	1307
969	1308
970	1309
971	1310
972	1312
973	1314
974	1317
975	1319
976	1320
977	1322
978	1323
979	1324
980	1325
981	1329
982	1330
983	1331
984	1337
985	1338
986	1339
987	1340
988	1345
989	1346
990	1350
991	1358
992	9499
993	1360
994	1361
995	1362
996	1365
997	1369
998	1370
999	1371
1000	1372
1001	1373
1002	1376
1003	1377
1004	1378
1005	1380
1006	1382
1007	1383
1008	1386
1009	1387
1010	1388
1011	1389
1012	1391
1013	1393
1014	1394
1015	1399
1016	1400
1017	1406
1018	1412
1019	1413
1020	1416
1021	1417
1022	1418
1023	1420
1024	1422
1025	1423
1026	1424
1027	11546
1028	1427
1029	1428
1030	1429
1031	1430
1032	1433
1033	1439
1034	1440
1035	1443
1036	1445
1037	1448
1038	1450
1039	1451
1040	1452
1041	1453
1042	1456
1043	1457
1044	1462
1045	1463
1046	1465
1047	1466
1048	1467
1049	1470
1050	1471
1051	1472
1052	1476
1053	1478
1054	1479
1055	1481
1056	1482
1057	1483
1058	1484
1059	1485
1060	1486
1061	1487
1062	1491
1063	1493
1064	1494
1065	1497
1066	1498
1067	1501
1068	1503
1069	1504
1070	1505
1071	1506
1072	1507
1073	1510
1074	1512
1075	1513
1076	1514
1077	1517
1078	1521
1079	1523
1080	1526
1081	1528
1082	1529
1083	1531
1084	1532
1085	1534
1086	1535
1087	1536
1088	1537
1089	1538
1090	1539
1091	1541
1092	1542
1093	1543
1094	1545
1095	1546
1096	1548
1097	1550
1098	1551
1099	1553
1100	1554
1101	1555
1102	1556
1103	1559
1104	1561
1105	1562
1106	1563
1107	1567
1108	1569
1109	1571
1110	1573
1111	1574
1112	1577
1113	1579
1114	1581
1115	1584
1116	1585
1117	1587
1118	1588
1119	1590
1120	1591
1121	1593
1122	1596
1123	1598
1124	1599
1125	1604
1126	1606
1127	1608
1128	1611
1129	1612
1130	1615
1131	1620
1132	1622
1133	1625
1134	1626
1135	1627
1136	1633
1137	1634
1138	1635
1139	1641
1140	1642
1141	1643
1142	1644
1143	1645
1144	1647
1145	1649
1146	1650
1147	1651
1148	1652
1149	1656
1150	1661
1151	1666
1152	1669
1153	1673
1154	1675
1155	1676
1156	1680
1157	1683
1158	1687
1159	1688
1160	1690
1161	1691
1162	1693
1163	1694
1164	1696
1165	1698
1166	1699
1167	1700
1168	1701
1169	1704
1170	1706
1171	1707
1172	1708
1173	1709
1174	1710
1175	1711
1176	1714
1177	1716
1178	1718
1179	1726
1180	1727
1181	1728
1182	1730
1183	1731
1184	14985
1185	1736
1186	1737
1187	1738
1188	1739
1189	1740
1190	1744
1191	1745
1192	1748
1193	1751
1194	1753
1195	1754
1196	1755
1197	1757
1198	1760
1199	1761
1200	1765
1201	1770
1202	1771
1203	1772
1204	1774
1205	1775
1206	1778
1207	1780
1208	1781
1209	1782
1210	1788
1211	1790
1212	1793
1213	1794
1214	1796
1215	1798
1216	1801
1217	1804
1218	1805
1219	1807
1220	1816
1221	1817
1222	1818
1223	1821
1224	1829
1225	1830
1226	1834
1227	1835
1228	1838
1229	1840
1230	1843
1231	1844
1232	1851
1233	1852
1234	1853
1235	1854
1236	1855
1237	1860
1238	1861
1239	1863
1240	1864
1241	1869
1242	1871
1243	1874
1244	1875
1245	1876
1246	1878
1247	1880
1248	1882
1249	1887
1250	1897
1251	1901
1252	1902
1253	1903
1254	1904
1255	1911
1256	1916
1257	1917
1258	1919
1259	1920
1260	1921
1261	1924
1262	1926
1263	1928
1264	1931
1265	1932
1266	1933
1267	1934
1268	1937
1269	1940
1270	1945
1271	1947
1272	1950
1273	1952
1274	1953
1275	1955
1276	1960
1277	1963
1278	1966
1279	1967
1280	1973
1281	1974
1282	1975
1283	1979
1284	1980
1285	1983
1286	1985
1287	1986
1288	1987
1289	1989
1290	1990
1291	1994
1292	1995
1293	1996
1294	2000
1295	2001
1296	2005
1297	2008
1298	2009
1299	2012
1300	2013
1301	2025
1302	2026
1303	2028
1304	2029
1305	2031
1306	2032
1307	2034
1308	12093
1309	2038
1310	2040
1311	2041
1312	2042
1313	2045
1314	2047
1315	2048
1316	2049
1317	2050
1318	2060
1319	2061
1320	2063
1321	2065
1322	2072
1323	2077
1324	2081
1325	2083
1326	2084
1327	2086
1328	2087
1329	2092
1330	2099
1331	2110
1332	2111
1333	2117
1334	2129
1335	2130
1336	2134
1337	2141
1338	2142
1339	2146
1340	2147
1341	2150
1342	2151
1343	2162
1344	2164
1345	2165
1346	2166
1347	2169
1348	2170
1349	2174
1350	2185
1351	2186
1352	2187
1353	2189
1354	2193
1355	2198
1356	2201
1357	2205
1358	2206
1359	2207
1360	2210
1361	2213
1362	2215
1363	2216
1364	2217
1365	2220
1366	2221
1367	2222
1368	2227
1369	2230
1370	2232
1371	2236
1372	2240
1373	2241
1374	2242
1375	2246
1376	2248
1377	2253
1378	2254
1379	2256
1380	2260
1381	2263
1382	2266
1383	2267
1384	2270
1385	2274
1386	2277
1387	2278
1388	2280
1389	2282
1390	2284
1391	2285
1392	2289
1393	2292
1394	2295
1395	2297
1396	2300
1397	2308
1398	2309
1399	2313
1400	2314
1401	2316
1402	2318
1403	2319
1404	2322
1405	2323
1406	2325
1407	2331
1408	2332
1409	2337
1410	2338
1411	2339
1412	2341
1413	2343
1414	2350
1415	2355
1416	2356
1417	2357
1418	2358
1419	2366
1420	2369
1421	2370
1422	2373
1423	2376
1424	2377
1425	2380
1426	2381
1427	2383
1428	2384
1429	2385
1430	2386
1431	2388
1432	2389
1433	2391
1434	2394
1435	2397
1436	2401
1437	2404
1438	2405
1439	2407
1440	2408
1441	2411
1442	2414
1443	2415
1444	2416
1445	2420
1446	2422
1447	2425
1448	2427
1449	2432
1450	2433
1451	2437
1452	2438
1453	2446
1454	2459
1455	2468
1456	2469
1457	2471
1458	2474
1459	2476
1460	2477
1461	2478
1462	2480
1463	2482
1464	2483
1465	2485
1466	2486
1467	2489
1468	2490
1469	2493
1470	2496
1471	2501
1472	2512
1473	2516
1474	2517
1475	2518
1476	2519
1477	2526
1478	2527
1479	2528
1480	2537
1481	2543
1482	2546
1483	2552
1484	2554
1485	2557
1486	2560
1487	2565
1488	2569
1489	2571
1490	2574
1491	2576
1492	2580
1493	2583
1494	2584
1495	2585
1496	2586
1497	2596
1498	2600
1499	14039
1500	2613
1501	2620
1502	2624
1503	2625
1504	2626
1505	2633
1506	2637
1507	2646
1508	2647
1509	2651
1510	2659
1511	2662
1512	2663
1513	2667
1514	2673
1515	2678
1516	2684
1517	2691
1518	2693
1519	2694
1520	2695
1521	2704
1522	2705
1523	2706
1524	2711
1525	2714
1526	2718
1527	2722
1528	2725
1529	2729
1530	2740
1531	2741
1532	2743
1533	2745
1534	2746
1535	2747
1536	2752
1537	2754
1538	2757
1539	2762
1540	2765
1541	2768
1542	2769
1543	2775
1544	2799
1545	2802
1546	2805
1547	2807
1548	2810
1549	2811
1550	2815
1551	9287
1552	2820
1553	2821
1554	2825
1555	2826
1556	2829
1557	2830
1558	2835
1559	2841
1560	2842
1561	2843
1562	2851
1563	2855
1564	2859
1565	2860
1566	2862
1567	2869
1568	9289
1569	2887
1570	2890
1571	2895
1572	2899
1573	2903
1574	2909
1575	2916
1576	2918
1577	2924
1578	2927
1579	2929
1580	2934
1581	2936
1582	2939
1583	2940
1584	2949
1585	2950
1586	2952
1587	2964
1588	2966
1589	2972
1590	2975
1591	2979
1592	2989
1593	2992
1594	3004
1595	3010
1596	3013
1597	3016
1598	3017
1599	3022
1600	3024
1601	3026
1602	3030
1603	3033
1604	3045
1605	3051
1606	3063
1607	3074
1608	3076
1609	3082
1610	3087
1611	3090
1612	3097
1613	3101
1614	3102
1615	3107
1616	3116
1617	3117
1618	3120
1619	3122
1620	3123
1621	3124
1622	3125
1623	3126
1624	3127
1625	3128
1626	3135
1627	3139
1628	3145
1629	3148
1630	3154
1631	3156
1632	3159
1633	3166
1634	3190
1635	3196
1636	3210
1637	3217
1638	3223
1639	3235
1640	3237
1641	3239
1642	3240
1643	3246
1644	3247
1645	3251
1646	3264
1647	3275
1648	15690
1649	3279
1650	3282
1651	3285
1652	3289
1653	3294
1654	3302
1655	3303
1656	3304
1657	3312
1658	3320
1659	3322
1660	3331
1661	3332
1662	3337
1663	3338
1664	3346
1665	3351
1666	3353
1667	3362
1668	3364
1669	3376
1670	3380
1671	3381
1672	3382
1673	3402
1674	3405
1675	3423
1676	3426
1677	3432
1678	3446
1679	3460
1680	3461
1681	3466
1682	3468
1683	3473
1684	3474
1685	3475
1686	3482
1687	3490
1688	3495
1689	3497
1690	3509
1691	3510
1692	3511
1693	3522
1694	3525
1695	3528
1696	10080
1697	3535
1698	3537
1699	3560
1700	3570
1701	3571
1702	3572
1703	3574
1704	3577
1705	3582
1706	3583
1707	3584
1708	10096
1709	3595
1710	3610
1711	3611
1712	3637
1713	3643
1714	3649
1715	3654
1716	3656
1717	3661
1718	3673
1719	3677
1720	3678
1721	3688
1722	3695
1723	3705
1724	3707
1725	3708
1726	3711
1727	3715
1728	3716
1729	3724
1730	3728
1731	3738
1732	3755
1733	3759
1734	3773
1735	3781
1736	3782
1737	3786
1738	3798
1739	3801
1740	3808
1741	3809
1742	3810
1743	3815
1744	3835
1745	3836
1746	3837
1747	3843
1748	3849
1749	3851
1750	3856
1751	10167
1752	3876
1753	3877
1754	3884
1755	3892
1756	3893
1757	3896
1758	3897
1759	3901
1760	3905
1761	3909
1762	3910
1763	3914
1764	3931
1765	3944
1766	3972
1767	3974
1768	3983
1769	3993
1770	3997
1771	3999
1772	4003
1773	4013
1774	4023
1775	4039
1776	4047
1777	4053
1778	4061
1779	4063
1780	4087
1781	4092
1782	4122
1783	4132
1784	4136
1785	4138
1786	4141
1787	4142
1788	4209
1789	4210
1790	4219
1791	4231
1792	4245
1793	4247
1794	4251
1795	4260
1796	4269
1797	4271
1798	4284
1799	4288
1800	4306
1801	4312
1802	4322
1803	4330
1804	4336
1805	4337
1806	4342
1807	4365
1808	4382
1809	4384
1810	4429
1811	4435
1812	4440
1813	4441
1814	4446
1815	4465
1816	4468
1817	4474
1818	4476
1819	4483
1820	4485
1821	4494
1822	4504
1823	4510
1824	4515
1825	4528
1826	4533
1827	4537
1828	4555
1829	4561
1830	4563
1831	4592
1832	4614
1833	4619
1834	4632
1835	4634
1836	4646
1837	4664
1838	4668
1839	4669
1840	10401
1841	4685
1842	4702
1843	4704
1844	4722
1845	4739
1846	4759
1847	4772
1848	4800
1849	4801
1850	4802
1851	10429
1852	4826
1853	4838
1854	4843
1855	4848
1856	4854
1857	4858
1858	4866
1859	4875
1860	4878
1861	4883
1862	4889
1863	4890
1864	4897
1865	4907
1866	4908
1867	4941
1868	4951
1869	4961
1870	4974
1871	4978
1872	4980
1873	4984
1874	5040
1875	5042
1876	5044
1877	5054
1878	5063
1879	5073
1880	5089
1881	5095
1882	5143
1883	5144
1884	5147
1885	5158
1886	5164
1887	5175
1888	5177
1889	5191
1890	5201
1891	5256
1892	5262
1893	5268
1894	5270
1895	5297
1896	5346
1897	5347
1898	5354
1899	5356
1900	5360
1901	5383
1902	5390
1903	5396
1904	5416
1905	5442
1906	5457
1907	5476
1908	5502
1909	5505
1910	5532
1911	5536
1912	5547
1913	5597
1914	5603
1915	5604
1916	5675
1917	5680
1918	5683
1919	5708
1920	5747
1921	5749
1922	10782
1923	5819
1924	5837
1925	5865
1926	5899
1927	5911
1928	9440
1929	5956
1930	6009
1931	6038
1932	6111
1933	6121
1934	6137
1935	6170
1936	6183
1937	6185
1938	6186
1939	6192
1940	6277
1941	6424
1942	10091
1943	6472
1944	9461
1945	6487
1946	6518
1947	6522
1948	6528
1949	6554
1950	6596
1951	6600
1952	6628
1953	10875
1954	6650
1955	6744
1956	6745
1957	6748
1958	6763
1959	6814
1960	6815
1961	6884
1962	6886
1963	6889
1964	6959
1965	7032
1966	7038
1967	7102
1968	7136
1969	7155
1970	7203
1971	7303
1972	7376
1973	7393
1974	7437
1975	7468
1976	7499
1977	7530
1978	7546
1979	7739
1980	7776
1981	7784
1982	7808
1983	7992
1984	7994
1985	8022
1986	8074
1987	9518
1988	8149
1989	8494
1990	8501
1991	8545
1992	8556
1993	8572
1994	8636
1995	8646
1996	8784
1997	15657
1998	9079
1999	9559
