0	2
1	3
2	4
3	5
4	6
5	7
6	8
7	9
8	10
9	11
10	12
11	13
12	14
13	15
14	16
15	17
16	18
17	19
18	20
19	21
20	22
21	23
22	24
23	25
24	26
25	27
26	28
27	29
28	30
29	31
30	32
31	33
32	34
33	35
34	36
35	37
36	38
37	39
38	40
39	41
40	42
41	43
42	44
43	45
44	46
45	47
46	48
47	49
48	50
49	51
50	52
51	53
52	54
53	55
54	56
55	57
56	58
57	59
58	60
59	61
60	62
61	63
62	64
63	65
64	66
65	67
66	68
67	69
68	70
69	71
70	72
71	73
72	74
73	75
74	76
75	77
76	78
77	79
78	80
79	81
80	82
81	83
82	84
83	85
84	86
85	87
86	88
87	89
88	90
89	91
90	92
91	93
92	94
93	95
94	96
95	97
96	98
97	99
98	100
99	101
100	102
101	103
102	104
103	105
104	106
105	107
106	108
107	110
108	111
109	112
110	113
111	114
112	115
113	117
114	118
115	119
116	120
117	121
118	122
119	123
120	124
121	125
122	126
123	127
124	128
125	129
126	130
127	131
128	132
129	133
130	134
131	135
132	136
133	137
134	138
135	139
136	140
137	141
138	142
139	143
140	144
141	146
142	147
143	148
144	149
145	151
146	152
147	154
148	155
149	157
150	158
151	159
152	160
153	162
154	163
155	164
156	166
157	167
158	168
159	169
160	170
161	171
162	172
163	174
164	175
165	176
166	177
167	178
168	179
169	181
170	182
171	183
172	184
173	185
174	186
175	187
176	188
177	189
178	190
179	191
180	192
181	193
182	195
183	196
184	197
185	198
186	199
187	200
188	201
189	202
190	203
191	205
192	208
193	209
194	210
195	211
196	212
197	213
198	214
199	215
200	216
201	217
202	218
203	219
204	220
205	221
206	222
207	223
208	225
209	226
210	227
211	228
212	229
213	230
214	231
215	232
216	233
217	234
218	235
219	236
220	237
221	238
222	239
223	240
224	242
225	243
226	244
227	245
228	246
229	247
230	248
231	249
232	250
233	251
234	252
235	253
236	254
237	256
238	258
239	259
240	260
241	261
242	262
243	263
244	264
245	265
246	266
247	267
248	268
249	269
250	270
251	271
252	272
253	274
254	275
255	279
256	280
257	281
258	282
259	283
260	285
261	286
262	287
263	288
264	289
265	290
266	291
267	292
268	293
269	294
270	295
271	296
272	297
273	298
274	9530
275	301
276	302
277	304
278	305
279	306
280	307
281	308
282	309
283	310
284	311
285	312
286	313
287	314
288	315
289	316
290	317
291	318
292	319
293	320
294	321
295	324
296	325
297	326
298	327
299	328
300	329
301	330
302	331
303	332
304	334
305	335
306	336
307	337
308	338
309	339
310	340
311	341
312	342
313	343
314	346
315	348
316	350
317	351
318	352
319	353
320	354
321	355
322	356
323	357
324	358
325	359
326	360
327	362
328	363
329	364
330	365
331	366
332	368
333	369
334	370
335	371
336	372
337	373
338	374
339	375
340	376
341	377
342	378
343	379
344	380
345	382
346	383
347	384
348	385
349	386
350	387
351	389
352	390
353	392
354	394
355	395
356	396
357	398
358	399
359	400
360	401
361	403
362	404
363	405
364	406
365	407
366	408
367	409
368	410
369	411
370	412
371	413
372	414
373	415
374	416
375	417
376	418
377	419
378	420
379	421
380	422
381	425
382	426
383	427
384	428
385	429
386	430
387	431
388	432
389	433
390	435
391	436
392	437
393	438
394	439
395	440
396	441
397	442
398	443
399	444
400	445
401	446
402	447
403	448
404	450
405	451
406	452
407	453
408	456
409	457
410	459
411	460
412	461
413	462
414	463
415	464
416	465
417	467
418	468
419	469
420	470
421	471
422	472
423	473
424	474
425	475
426	477
427	478
428	479
429	481
430	482
431	483
432	484
433	485
434	486
435	488
436	489
437	490
438	491
439	493
440	495
441	496
442	498
443	500
444	502
445	504
446	505
447	506
448	508
449	509
450	510
451	511
452	512
453	515
454	516
455	517
456	518
457	520
458	521
459	522
460	523
461	524
462	525
463	526
464	527
465	528
466	529
467	530
468	531
469	532
470	533
471	534
472	535
473	536
474	537
475	538
476	539
477	540
478	541
479	543
480	544
481	545
482	546
483	547
484	548
485	550
486	551
487	552
488	554
489	555
490	556
491	557
492	559
493	561
494	562
495	563
496	564
497	565
498	566
499	567
500	568
501	572
502	573
503	574
504	575
505	576
506	577
507	578
508	579
509	580
510	581
511	582
512	584
513	585
514	586
515	587
516	588
517	589
518	591
519	593
520	594
521	595
522	596
523	600
524	601
525	603
526	604
527	605
528	606
529	607
530	609
531	610
532	612
533	613
534	614
535	615
536	616
537	617
538	618
539	620
540	621
541	623
542	624
543	625
544	626
545	627
546	628
547	629
548	630
549	631
550	633
551	634
552	635
553	636
554	637
555	638
556	639
557	641
558	642
559	643
560	645
561	647
562	649
563	650
564	651
565	652
566	653
567	654
568	655
569	656
570	657
571	658
572	660
573	661
574	662
575	663
576	665
577	666
578	667
579	668
580	670
581	671
582	673
583	675
584	676
585	677
586	678
587	679
588	681
589	682
590	684
591	686
592	687
593	688
594	689
595	691
596	692
597	9242
598	695
599	696
600	697
601	698
602	700
603	701
604	702
605	703
606	704
607	705
608	706
609	707
610	708
611	710
612	712
613	713
614	714
615	716
616	717
617	718
618	720
619	721
620	722
621	724
622	726
623	727
624	728
625	729
626	730
627	731
628	732
629	733
630	735
631	737
632	738
633	739
634	740
635	741
636	743
637	745
638	747
639	748
640	750
641	752
642	753
643	754
644	756
645	757
646	758
647	759
648	760
649	761
650	762
651	763
652	765
653	766
654	767
655	768
656	769
657	770
658	772
659	773
660	774
661	775
662	776
663	779
664	780
665	781
666	783
667	787
668	788
669	789
670	790
671	791
672	792
673	793
674	795
675	796
676	798
677	799
678	801
679	802
680	804
681	805
682	806
683	807
684	810
685	813
686	814
687	815
688	816
689	817
690	818
691	820
692	821
693	822
694	823
695	825
696	826
697	827
698	828
699	829
700	830
701	831
702	832
703	833
704	834
705	835
706	836
707	837
708	838
709	841
710	843
711	844
712	846
713	10412
714	848
715	849
716	851
717	853
718	854
719	855
720	858
721	860
722	861
723	862
724	864
725	866
726	868
727	869
728	871
729	873
730	875
731	876
732	878
733	883
734	884
735	885
736	889
737	892
738	893
739	894
740	895
741	896
742	898
743	899
744	901
745	903
746	906
747	907
748	908
749	909
750	910
751	911
752	912
753	913
754	914
755	915
756	916
757	918
758	920
759	922
760	923
761	924
762	926
763	927
764	928
765	929
766	930
767	931
768	932
769	934
770	935
771	936
772	939
773	940
774	941
775	943
776	948
777	952
778	953
779	954
780	958
781	959
782	962
783	963
784	964
785	965
786	966
787	969
788	970
789	971
790	973
791	974
792	975
793	976
794	977
795	978
796	979
797	980
798	983
799	984
800	986
801	987
802	988
803	989
804	990
805	992
806	993
807	994
808	995
809	997
810	998
811	1000
812	1001
813	1002
814	1003
815	1006
816	1007
817	1010
818	1011
819	1012
820	1016
821	1017
822	1019
823	1020
824	1023
825	1024
826	1026
827	1029
828	1031
829	1034
830	1035
831	1036
832	1037
833	1038
834	1040
835	1041
836	1042
837	1043
838	1045
839	1046
840	1048
841	1055
842	1056
843	1059
844	1061
845	1063
846	1065
847	1067
848	1069
849	1071
850	1073
851	1074
852	1076
853	1079
854	1082
855	1083
856	1084
857	1085
858	1086
859	1089
860	1093
861	1095
862	1097
863	1098
864	1099
865	1100
866	1105
867	1108
868	1109
869	1113
870	1116
871	1118
872	1120
873	1121
874	1122
875	1125
876	1127
877	1128
878	1130
879	1131
880	1132
881	1133
882	1135
883	1138
884	1141
885	1142
886	1145
887	1149
888	1150
889	1152
890	1153
891	1155
892	1156
893	1159
894	1160
895	1161
896	1162
897	1163
898	1164
899	1165
900	1168
901	1169
902	1171
903	1172
904	1173
905	1174
906	1175
907	1176
908	1179
909	1181
910	1182
911	1183
912	1188
913	1189
914	1190
915	1191
916	1195
917	1199
918	1201
919	1203
920	1205
921	1211
922	1214
923	1215
924	1217
925	1223
926	1224
927	1225
928	1227
929	1229
930	1231
931	1233
932	1235
933	1236
934	1237
935	1238
936	1239
937	1242
938	1243
939	1244
940	1246
941	1248
942	1250
943	1254
944	1256
945	1257
946	1258
947	1259
948	1262
949	1265
950	1267
951	1269
952	1270
953	1271
954	1272
955	1273
956	1275
957	1277
958	1278
959	1281
960	1285
961	1286
962	1287
963	1288
964	1289
965	1291
966	1292
967	1294
968	1295
969	1296
970	1297
971	1298
972	1299
973	1300
974	1301
975	1302
976	1304
977	1305
978	1307
979	11159
980	1309
981	1313
982	1316
983	1319
984	1320
985	1321
986	1322
987	1324
988	1325
989	1327
990	1328
991	1329
992	1332
993	1335
994	1336
995	1337
996	1338
997	1339
998	1340
999	1341
1000	1342
1001	1343
1002	1345
1003	1349
1004	1350
1005	1351
1006	1356
1007	1357
1008	1361
1009	1362
1010	1364
1011	1366
1012	1367
1013	1368
1014	1369
1015	1370
1016	1371
1017	1372
1018	1374
1019	1376
1020	1377
1021	1378
1022	1379
1023	1380
1024	1382
1025	1383
1026	1386
1027	1387
1028	1388
1029	1389
1030	1392
1031	1393
1032	1396
1033	1397
1034	1400
1035	1401
1036	1403
1037	1404
1038	1406
1039	1408
1040	1410
1041	1412
1042	1414
1043	1416
1044	1417
1045	1418
1046	1421
1047	1422
1048	1423
1049	1427
1050	1428
1051	1434
1052	1436
1053	1438
1054	1439
1055	1440
1056	1443
1057	1445
1058	1448
1059	1449
1060	1451
1061	1453
1062	1455
1063	1458
1064	1460
1065	1462
1066	1463
1067	1465
1068	1468
1069	1470
1070	1471
1071	1472
1072	1474
1073	1475
1074	1477
1075	1480
1076	1486
1077	1487
1078	1489
1079	1490
1080	1491
1081	1493
1082	1494
1083	1495
1084	1498
1085	1499
1086	11510
1087	1505
1088	1507
1089	1509
1090	1510
1091	1512
1092	1513
1093	1515
1094	1516
1095	1519
1096	1520
1097	1521
1098	1524
1099	1525
1100	1526
1101	1527
1102	1528
1103	1530
1104	1531
1105	1533
1106	1535
1107	1537
1108	1538
1109	1539
1110	1540
1111	1541
1112	1542
1113	1545
1114	1546
1115	1548
1116	1549
1117	1550
1118	1554
1119	1555
1120	1557
1121	1558
1122	1562
1123	1563
1124	1568
1125	1572
1126	1576
1127	1578
1128	1580
1129	1581
1130	1582
1131	1583
1132	1584
1133	1585
1134	1586
1135	1587
1136	1592
1137	1593
1138	1598
1139	1602
1140	1605
1141	1607
1142	1608
1143	1609
1144	1613
1145	1614
1146	1621
1147	1623
1148	1626
1149	1627
1150	1630
1151	1632
1152	1633
1153	1635
1154	1636
1155	1637
1156	1649
1157	1652
1158	1654
1159	1656
1160	1657
1161	1659
1162	1662
1163	1665
1164	1666
1165	11816
1166	1670
1167	1673
1168	1674
1169	1675
1170	1676
1171	1678
1172	1681
1173	1682
1174	1683
1175	1685
1176	1686
1177	1687
1178	1689
1179	1691
1180	1694
1181	1695
1182	1703
1183	1704
1184	1707
1185	1708
1186	1711
1187	1712
1188	1721
1189	1724
1190	1726
1191	1727
1192	1728
1193	1729
1194	1732
1195	1736
1196	1737
1197	1739
1198	1741
1199	1745
1200	1750
1201	1751
1202	1752
1203	1755
1204	1757
1205	1760
1206	1762
1207	1763
1208	1764
1209	1766
1210	1768
1211	1769
1212	1770
1213	1771
1214	1773
1215	1776
1216	1777
1217	1781
1218	1783
1219	1785
1220	1786
1221	1788
1222	1796
1223	1799
1224	1800
1225	1801
1226	1805
1227	1806
1228	1807
1229	1809
1230	1811
1231	1814
1232	1818
1233	1822
1234	1823
1235	1825
1236	1833
1237	1838
1238	1839
1239	1841
1240	1842
1241	12126
1242	1844
1243	1845
1244	1846
1245	1847
1246	1849
1247	1852
1248	1853
1249	1857
1250	1858
1251	1859
1252	1860
1253	1861
1254	1863
1255	1864
1256	1866
1257	9550
1258	1872
1259	1877
1260	1878
1261	1881
1262	1887
1263	1889
1264	1892
1265	1893
1266	1894
1267	1895
1268	1896
1269	1897
1270	1900
1271	1901
1272	1906
1273	1907
1274	1908
1275	1910
1276	1915
1277	1918
1278	1919
1279	1925
1280	1929
1281	1930
1282	1931
1283	1935
1284	1939
1285	1945
1286	1949
1287	1950
1288	1952
1289	1953
1290	1954
1291	1955
1292	1958
1293	1960
1294	1962
1295	1964
1296	1967
1297	1969
1298	1971
1299	1973
1300	1976
1301	1982
1302	1987
1303	1990
1304	1991
1305	1992
1306	1993
1307	1994
1308	1995
1309	1996
1310	2001
1311	2008
1312	2015
1313	2017
1314	2019
1315	2022
1316	2023
1317	2024
1318	2025
1319	2027
1320	2028
1321	2029
1322	2030
1323	2035
1324	2040
1325	2041
1326	2045
1327	2048
1328	2049
1329	2050
1330	2052
1331	2055
1332	2056
1333	2058
1334	2059
1335	2060
1336	2061
1337	2063
1338	2068
1339	2069
1340	2070
1341	2072
1342	2073
1343	2074
1344	2078
1345	2083
1346	2088
1347	2089
1348	2093
1349	2099
1350	9608
1351	2108
1352	2109
1353	2111
1354	2113
1355	2116
1356	2122
1357	2123
1358	2125
1359	2127
1360	2132
1361	2133
1362	2134
1363	2135
1364	2140
1365	2145
1366	2155
1367	2158
1368	2164
1369	2167
1370	2176
1371	2177
1372	2178
1373	2180
1374	2181
1375	2186
1376	2188
1377	2190
1378	2192
1379	2199
1380	2200
1381	2202
1382	2206
1383	2209
1384	2211
1385	2212
1386	2214
1387	2215
1388	2218
1389	2221
1390	2222
1391	2224
1392	2225
1393	2226
1394	2228
1395	2236
1396	2247
1397	2250
1398	2252
1399	2253
1400	2257
1401	2261
1402	2264
1403	2266
1404	2269
1405	2270
1406	2277
1407	2278
1408	2284
1409	2286
1410	2287
1411	2292
1412	2293
1413	2296
1414	2300
1415	2301
1416	2303
1417	2304
1418	2305
1419	2310
1420	2316
1421	2326
1422	2330
1423	2334
1424	2341
1425	2344
1426	2346
1427	2347
1428	2349
1429	2350
1430	2364
1431	2367
1432	2369
1433	2370
1434	2374
1435	2376
1436	2382
1437	2390
1438	2391
1439	2393
1440	2395
1441	2403
1442	2406
1443	2408
1444	2409
1445	2411
1446	2413
1447	2415
1448	2417
1449	2418
1450	2419
1451	2430
1452	2431
1453	2434
1454	2440
1455	2441
1456	2444
1457	2447
1458	2449
1459	2452
1460	2453
1461	2457
1462	2462
1463	2469
1464	2470
1465	2475
1466	2476
1467	2480
1468	2483
1469	2484
1470	2489
1471	2496
1472	2502
1473	2504
1474	2512
1475	2516
1476	2527
1477	2530
1478	2531
1479	2533
1480	2536
1481	2548
1482	2555
1483	2557
1484	2559
1485	2560
1486	2561
1487	2564
1488	2565
1489	2566
1490	2567
1491	2569
1492	2573
1493	2576
1494	2581
1495	2591
1496	2598
1497	2601
1498	2602
1499	2603
1500	2604
1501	2605
1502	2620
1503	2627
1504	2637
1505	2638
1506	2640
1507	2641
1508	2642
1509	2655
1510	2657
1511	2659
1512	2661
1513	2664
1514	2666
1515	2669
1516	2673
1517	2679
1518	2686
1519	2690
1520	2693
1521	2694
1522	9782
1523	2707
1524	2708
1525	2710
1526	2712
1527	2714
1528	2715
1529	2716
1530	2717
1531	2720
1532	2721
1533	2722
1534	2724
1535	2725
1536	2727
1537	2736
1538	2741
1539	2743
1540	2745
1541	2758
1542	2766
1543	2773
1544	2781
1545	2782
1546	2794
1547	2795
1548	2796
1549	2800
1550	2805
1551	2806
1552	2808
1553	2811
1554	2822
1555	2832
1556	2834
1557	2841
1558	2851
1559	2853
1560	2862
1561	2863
1562	2875
1563	2878
1564	2884
1565	2895
1566	2906
1567	2913
1568	2918
1569	2930
1570	2931
1571	2933
1572	2934
1573	2937
1574	2940
1575	2955
1576	2956
1577	2957
1578	2958
1579	2972
1580	2973
1581	2975
1582	2976
1583	2979
1584	2982
1585	2983
1586	2985
1587	2987
1588	2991
1589	2992
1590	2997
1591	3001
1592	3003
1593	3004
1594	3019
1595	3022
1596	3032
1597	3035
1598	3043
1599	3046
1600	3055
1601	3056
1602	3061
1603	3080
1604	3084
1605	3088
1606	3091
1607	3100
1608	3104
1609	3105
1610	3118
1611	3121
1612	3122
1613	3124
1614	3126
1615	3134
1616	3141
1617	3142
1618	3144
1619	3155
1620	3165
1621	3168
1622	3172
1623	3174
1624	3178
1625	3179
1626	3186
1627	3189
1628	3190
1629	3193
1630	3196
1631	3198
1632	3199
1633	3211
1634	3212
1635	3219
1636	3221
1637	3233
1638	3242
1639	3247
1640	3260
1641	3262
1642	3269
1643	9921
1644	3279
1645	3289
1646	3294
1647	3297
1648	3304
1649	3310
1650	3325
1651	3333
1652	3345
1653	3352
1654	3356
1655	3359
1656	3369
1657	3371
1658	3372
1659	3375
1660	3382
1661	3387
1662	3393
1663	3397
1664	3400
1665	3401
1666	3404
1667	3405
1668	3416
1669	3425
1670	3427
1671	3430
1672	3438
1673	3443
1674	3447
1675	3449
1676	3453
1677	3472
1678	3474
1679	3475
1680	3477
1681	3485
1682	3487
1683	3490
1684	3491
1685	3495
1686	3496
1687	3499
1688	3500
1689	3511
1690	3512
1691	3513
1692	3514
1693	3523
1694	3531
1695	3536
1696	3540
1697	3541
1698	3548
1699	3549
1700	3553
1701	3556
1702	3562
1703	3563
1704	3568
1705	3569
1706	3582
1707	3585
1708	3590
1709	3593
1710	3597
1711	3613
1712	3629
1713	3651
1714	3666
1715	3667
1716	3673
1717	3681
1718	3685
1719	3688
1720	3689
1721	3694
1722	3702
1723	3708
1724	3710
1725	3713
1726	3714
1727	3749
1728	3760
1729	3765
1730	3767
1731	3776
1732	3786
1733	3790
1734	3793
1735	3798
1736	3799
1737	3806
1738	3807
1739	3808
1740	3810
1741	10056
1742	3826
1743	3827
1744	16795
1745	3841
1746	3842
1747	3847
1748	3863
1749	3866
1750	3869
1751	3873
1752	3887
1753	3894
1754	3898
1755	3900
1756	3905
1757	3912
1758	3916
1759	3921
1760	3932
1761	3944
1762	3946
1763	3947
1764	3948
1765	3951
1766	3968
1767	3972
1768	3973
1769	3987
1770	3989
1771	3997
1772	4000
1773	4005
1774	4007
1775	4013
1776	4021
1777	4032
1778	4036
1779	10114
1780	4038
1781	4041
1782	4050
1783	4052
1784	4064
1785	4067
1786	4071
1787	4075
1788	15688
1789	4088
1790	4102
1791	4104
1792	4107
1793	4108
1794	4111
1795	4115
1796	4157
1797	4163
1798	4175
1799	4178
1800	4202
1801	4205
1802	4215
1803	4243
1804	4252
1805	4296
1806	4298
1807	4306
1808	4310
1809	4340
1810	4360
1811	4366
1812	4373
1813	4395
1814	4414
1815	9183
1816	4430
1817	4433
1818	4441
1819	4443
1820	4452
1821	4477
1822	4479
1823	4493
1824	4531
1825	4535
1826	4540
1827	4546
1828	4563
1829	4572
1830	4574
1831	4592
1832	12667
1833	4638
1834	4641
1835	4654
1836	4656
1837	4659
1838	4667
1839	4673
1840	4679
1841	4687
1842	4688
1843	4708
1844	4710
1845	4727
1846	4728
1847	4745
1848	4750
1849	4760
1850	4769
1851	4779
1852	4787
1853	4789
1854	4808
1855	4822
1856	4824
1857	19870
1858	4854
1859	4867
1860	4898
1861	4918
1862	4922
1863	4929
1864	4932
1865	4948
1866	4960
1867	4963
1868	4968
1869	4969
1870	4971
1871	4982
1872	4997
1873	5016
1874	5034
1875	5045
1876	5071
1877	5076
1878	5090
1879	5176
1880	5194
1881	5208
1882	5239
1883	5250
1884	5255
1885	5338
1886	5353
1887	5361
1888	5380
1889	5399
1890	5447
1891	5465
1892	5466
1893	5467
1894	5475
1895	5480
1896	5488
1897	5499
1898	5521
1899	5524
1900	5582
1901	5598
1902	5600
1903	5626
1904	5637
1905	5650
1906	5653
1907	5657
1908	5659
1909	5680
1910	5687
1911	13004
1912	5708
1913	5714
1914	5755
1915	5810
1916	5862
1917	5870
1918	5871
1919	5872
1920	5877
1921	5882
1922	5906
1923	5954
1924	5966
1925	5986
1926	6026
1927	6032
1928	6054
1929	6089
1930	6182
1931	6185
1932	6187
1933	6233
1934	6254
1935	6264
1936	6268
1937	6276
1938	6299
1939	6341
1940	6365
1941	6377
1942	6412
1943	6424
1944	6458
1945	6460
1946	6475
1947	6498
1948	6502
1949	6526
1950	6558
1951	6595
1952	6630
1953	6664
1954	6668
1955	6687
1956	6697
1957	6702
1958	6718
1959	6762
1960	6765
1961	6814
1962	6860
1963	6874
1964	6877
1965	6910
1966	6955
1967	7001
1968	7022
1969	7055
1970	7111
1971	7141
1972	7280
1973	7308
1974	7350
1975	7351
1976	7362
1977	7467
1978	7524
1979	7612
1980	7616
1981	13608
1982	10972
1983	7703
1984	7749
1985	7799
1986	7839
1987	7874
1988	7929
1989	7996
1990	8030
1991	8065
1992	8137
1993	8150
1994	8198
1995	8247
1996	8380
1997	8559
1998	8808
1999	8843
