0	2
1	3
2	4
3	5
4	6
5	7
6	8
7	9
8	10
9	11
10	12
11	13
12	14
13	15
14	16
15	17
16	18
17	19
18	20
19	21
20	22
21	23
22	24
23	25
24	26
25	27
26	28
27	29
28	30
29	31
30	32
31	33
32	34
33	35
34	36
35	37
36	38
37	39
38	40
39	41
40	42
41	43
42	44
43	45
44	46
45	47
46	48
47	49
48	50
49	51
50	52
51	53
52	54
53	55
54	56
55	57
56	58
57	59
58	60
59	61
60	62
61	63
62	64
63	65
64	66
65	67
66	68
67	69
68	70
69	71
70	72
71	73
72	74
73	75
74	76
75	77
76	78
77	79
78	80
79	81
80	82
81	83
82	84
83	85
84	86
85	87
86	88
87	89
88	90
89	91
90	92
91	93
92	94
93	95
94	96
95	97
96	98
97	99
98	100
99	102
100	103
101	104
102	105
103	106
104	107
105	108
106	109
107	110
108	111
109	112
110	113
111	114
112	115
113	116
114	117
115	118
116	119
117	120
118	121
119	122
120	123
121	124
122	125
123	126
124	127
125	128
126	129
127	130
128	131
129	132
130	133
131	134
132	135
133	136
134	138
135	139
136	140
137	141
138	142
139	143
140	144
141	145
142	146
143	147
144	148
145	149
146	150
147	151
148	152
149	153
150	154
151	155
152	156
153	157
154	159
155	160
156	161
157	162
158	163
159	164
160	165
161	166
162	167
163	168
164	169
165	171
166	172
167	173
168	174
169	175
170	176
171	177
172	178
173	179
174	180
175	181
176	182
177	183
178	184
179	186
180	187
181	188
182	189
183	190
184	191
185	192
186	193
187	194
188	195
189	196
190	197
191	199
192	200
193	201
194	202
195	203
196	204
197	205
198	206
199	207
200	209
201	210
202	211
203	212
204	215
205	217
206	218
207	219
208	220
209	221
210	224
211	225
212	228
213	229
214	230
215	231
216	232
217	233
218	234
219	235
220	237
221	238
222	239
223	240
224	242
225	243
226	244
227	245
228	246
229	247
230	248
231	249
232	250
233	251
234	252
235	253
236	254
237	256
238	257
239	258
240	259
241	260
242	261
243	262
244	263
245	264
246	265
247	266
248	267
249	268
250	269
251	271
252	272
253	273
254	274
255	275
256	276
257	277
258	278
259	279
260	280
261	281
262	282
263	285
264	287
265	289
266	290
267	291
268	292
269	293
270	294
271	296
272	297
273	298
274	299
275	300
276	301
277	302
278	303
279	304
280	305
281	306
282	307
283	309
284	310
285	311
286	312
287	313
288	314
289	315
290	317
291	318
292	320
293	321
294	322
295	323
296	325
297	326
298	327
299	328
300	329
301	330
302	331
303	332
304	333
305	334
306	336
307	338
308	339
309	340
310	341
311	342
312	343
313	344
314	345
315	346
316	347
317	348
318	349
319	350
320	351
321	352
322	353
323	355
324	356
325	357
326	358
327	359
328	360
329	361
330	362
331	364
332	365
333	367
334	368
335	369
336	370
337	371
338	372
339	373
340	374
341	375
342	377
343	378
344	379
345	380
346	381
347	382
348	383
349	384
350	385
351	386
352	388
353	389
354	390
355	391
356	392
357	393
358	394
359	9642
360	397
361	398
362	399
363	400
364	402
365	404
366	405
367	407
368	408
369	410
370	411
371	412
372	413
373	414
374	416
375	417
376	418
377	419
378	420
379	421
380	422
381	423
382	424
383	425
384	426
385	427
386	428
387	429
388	432
389	433
390	434
391	435
392	436
393	437
394	438
395	439
396	440
397	442
398	444
399	445
400	446
401	447
402	448
403	449
404	450
405	451
406	453
407	454
408	455
409	456
410	457
411	458
412	459
413	460
414	461
415	462
416	464
417	466
418	467
419	468
420	470
421	472
422	474
423	475
424	476
425	477
426	478
427	480
428	481
429	483
430	486
431	488
432	489
433	490
434	492
435	494
436	495
437	497
438	498
439	499
440	501
441	502
442	504
443	506
444	507
445	510
446	512
447	514
448	515
449	516
450	517
451	518
452	519
453	521
454	522
455	523
456	524
457	525
458	526
459	527
460	528
461	529
462	532
463	534
464	535
465	536
466	538
467	540
468	541
469	542
470	543
471	544
472	545
473	546
474	549
475	550
476	551
477	552
478	553
479	554
480	556
481	557
482	559
483	560
484	562
485	563
486	564
487	566
488	567
489	569
490	570
491	573
492	574
493	575
494	577
495	579
496	580
497	581
498	583
499	584
500	585
501	586
502	588
503	589
504	590
505	591
506	592
507	593
508	594
509	595
510	597
511	598
512	599
513	600
514	603
515	604
516	605
517	606
518	607
519	608
520	609
521	610
522	611
523	612
524	613
525	615
526	616
527	617
528	619
529	621
530	622
531	623
532	624
533	625
534	627
535	628
536	629
537	630
538	631
539	634
540	636
541	637
542	639
543	642
544	643
545	644
546	647
547	648
548	650
549	652
550	653
551	655
552	656
553	657
554	658
555	659
556	660
557	662
558	663
559	664
560	666
561	11490
562	669
563	670
564	671
565	672
566	673
567	675
568	676
569	677
570	680
571	682
572	683
573	684
574	685
575	686
576	687
577	690
578	691
579	693
580	694
581	697
582	698
583	699
584	700
585	701
586	702
587	705
588	706
589	707
590	709
591	710
592	10141
593	714
594	715
595	716
596	717
597	718
598	719
599	721
600	722
601	724
602	727
603	729
604	730
605	731
606	733
607	736
608	737
609	739
610	741
611	743
612	744
613	745
614	746
615	747
616	748
617	751
618	752
619	753
620	754
621	755
622	756
623	758
624	759
625	760
626	761
627	763
628	765
629	766
630	768
631	769
632	772
633	773
634	774
635	775
636	776
637	777
638	778
639	779
640	780
641	781
642	783
643	784
644	785
645	10269
646	788
647	789
648	790
649	792
650	795
651	796
652	797
653	798
654	799
655	800
656	802
657	803
658	806
659	808
660	811
661	812
662	813
663	815
664	817
665	818
666	819
667	821
668	823
669	824
670	825
671	826
672	827
673	828
674	829
675	830
676	831
677	832
678	833
679	834
680	835
681	840
682	842
683	844
684	845
685	846
686	847
687	849
688	850
689	852
690	856
691	857
692	859
693	860
694	862
695	864
696	867
697	868
698	870
699	871
700	876
701	877
702	878
703	880
704	881
705	882
706	883
707	884
708	885
709	887
710	889
711	890
712	891
713	893
714	895
715	896
716	898
717	900
718	901
719	902
720	903
721	904
722	906
723	907
724	909
725	910
726	911
727	913
728	915
729	916
730	917
731	918
732	920
733	921
734	924
735	926
736	927
737	930
738	931
739	933
740	935
741	936
742	937
743	938
744	940
745	942
746	943
747	945
748	946
749	947
750	948
751	949
752	950
753	951
754	952
755	953
756	957
757	958
758	959
759	960
760	963
761	964
762	967
763	968
764	969
765	970
766	973
767	974
768	975
769	977
770	979
771	980
772	982
773	984
774	985
775	986
776	987
777	989
778	990
779	991
780	994
781	996
782	997
783	999
784	1000
785	1001
786	1003
787	1004
788	1005
789	1007
790	1009
791	1011
792	1012
793	1014
794	1015
795	1018
796	1019
797	1022
798	1024
799	1026
800	1028
801	1029
802	1030
803	1031
804	1034
805	1035
806	1036
807	1037
808	1038
809	1039
810	1040
811	1043
812	1045
813	1052
814	1053
815	1054
816	1056
817	1057
818	1058
819	1060
820	1061
821	1062
822	1066
823	1067
824	1068
825	1069
826	1071
827	1073
828	1074
829	1075
830	1076
831	1077
832	1078
833	1080
834	1081
835	1083
836	1084
837	1085
838	1087
839	1088
840	1089
841	1092
842	1094
843	1095
844	1099
845	1100
846	1103
847	1105
848	1106
849	1108
850	1109
851	1111
852	1115
853	1116
854	1119
855	1121
856	1122
857	1123
858	1125
859	1127
860	1129
861	1132
862	1133
863	1134
864	1135
865	1136
866	1137
867	1138
868	1139
869	1141
870	1144
871	1145
872	1146
873	1148
874	1149
875	1150
876	1151
877	1152
878	1153
879	1157
880	1158
881	1159
882	1161
883	1163
884	1164
885	1166
886	1168
887	1170
888	1171
889	1172
890	1173
891	1174
892	1177
893	1179
894	1180
895	1181
896	1182
897	1185
898	1187
899	1188
900	1189
901	1190
902	1192
903	1196
904	1197
905	1199
906	1205
907	1206
908	1209
909	1210
910	1213
911	1215
912	1216
913	1219
914	1220
915	1222
916	1223
917	1225
918	1227
919	1229
920	1230
921	1231
922	1232
923	1234
924	1237
925	1239
926	1240
927	1241
928	1243
929	1244
930	1245
931	1247
932	1248
933	1253
934	1254
935	1257
936	1262
937	1263
938	1264
939	1266
940	1267
941	1270
942	1271
943	1272
944	1273
945	1276
946	1278
947	1280
948	1281
949	1282
950	1283
951	1284
952	1285
953	1286
954	1287
955	1288
956	1289
957	1293
958	1294
959	1295
960	1300
961	1301
962	1305
963	1306
964	1307
965	1310
966	1312
967	1313
968	1315
969	1316
970	1323
971	1324
972	1325
973	1327
974	1328
975	1329
976	1330
977	9377
978	1336
979	1338
980	1340
981	1341
982	1342
983	1343
984	1345
985	1350
986	1351
987	1352
988	1353
989	1354
990	1357
991	1360
992	1366
993	1367
994	1369
995	1371
996	1372
997	1373
998	1374
999	1376
1000	1377
1001	1378
1002	1379
1003	1380
1004	1381
1005	1383
1006	1384
1007	1386
1008	1388
1009	1389
1010	1390
1011	1392
1012	1393
1013	1398
1014	1399
1015	1400
1016	1402
1017	1404
1018	1405
1019	1406
1020	1410
1021	1414
1022	1417
1023	1418
1024	1419
1025	1421
1026	1422
1027	1423
1028	1424
1029	1425
1030	1426
1031	1427
1032	1429
1033	1430
1034	1431
1035	1433
1036	1434
1037	1435
1038	1437
1039	1440
1040	1442
1041	1443
1042	1444
1043	1445
1044	1446
1045	1451
1046	1452
1047	1455
1048	1456
1049	1457
1050	1458
1051	1459
1052	1463
1053	1468
1054	1469
1055	1471
1056	1475
1057	9947
1058	1479
1059	1484
1060	1489
1061	1493
1062	1494
1063	1499
1064	1500
1065	1501
1066	1503
1067	1505
1068	1508
1069	1510
1070	1511
1071	1513
1072	1516
1073	1517
1074	1519
1075	1521
1076	1525
1077	1526
1078	1527
1079	1529
1080	1530
1081	1531
1082	1532
1083	1533
1084	1537
1085	1538
1086	1541
1087	1544
1088	1546
1089	1548
1090	1549
1091	1551
1092	1553
1093	1554
1094	1555
1095	1559
1096	1560
1097	9526
1098	1562
1099	1563
1100	1564
1101	1565
1102	1567
1103	1569
1104	1572
1105	1573
1106	1574
1107	1575
1108	1576
1109	1581
1110	1584
1111	1585
1112	1587
1113	1588
1114	1589
1115	1591
1116	1599
1117	1602
1118	1606
1119	1607
1120	1608
1121	1610
1122	1612
1123	1613
1124	1620
1125	1622
1126	1623
1127	1624
1128	1626
1129	1627
1130	1628
1131	1629
1132	1630
1133	1631
1134	1633
1135	1634
1136	1636
1137	1638
1138	1639
1139	1640
1140	1641
1141	1643
1142	1645
1143	1646
1144	1649
1145	1650
1146	1651
1147	1652
1148	1653
1149	1654
1150	1655
1151	1656
1152	1659
1153	1661
1154	11851
1155	1664
1156	1666
1157	1668
1158	1669
1159	1670
1160	1672
1161	1674
1162	1678
1163	1681
1164	1682
1165	1683
1166	1684
1167	1685
1168	1686
1169	1687
1170	1688
1171	1689
1172	1693
1173	1694
1174	1696
1175	1698
1176	1700
1177	1703
1178	1704
1179	1706
1180	1708
1181	1709
1182	1710
1183	1711
1184	1718
1185	1719
1186	1724
1187	1725
1188	1726
1189	1730
1190	1731
1191	1735
1192	1736
1193	1737
1194	1739
1195	1742
1196	1747
1197	1749
1198	1750
1199	1751
1200	1752
1201	1756
1202	1757
1203	1758
1204	1759
1205	1764
1206	1765
1207	1767
1208	1768
1209	1770
1210	1772
1211	1773
1212	1774
1213	1778
1214	1781
1215	1782
1216	1784
1217	1787
1218	1790
1219	1795
1220	1796
1221	1797
1222	1798
1223	1804
1224	1809
1225	1813
1226	1816
1227	1820
1228	1823
1229	1824
1230	1825
1231	1826
1232	1827
1233	1829
1234	1834
1235	1838
1236	1840
1237	1841
1238	1842
1239	1845
1240	1848
1241	1849
1242	1850
1243	1851
1244	1853
1245	1856
1246	1857
1247	1860
1248	1861
1249	1866
1250	1870
1251	1873
1252	1874
1253	1879
1254	1881
1255	1882
1256	1883
1257	1884
1258	1889
1259	1891
1260	1894
1261	1895
1262	1898
1263	1899
1264	1900
1265	1901
1266	1902
1267	1904
1268	1905
1269	1907
1270	1908
1271	1911
1272	1915
1273	1916
1274	1920
1275	1924
1276	1926
1277	1927
1278	1931
1279	1934
1280	1936
1281	1940
1282	1943
1283	1944
1284	1951
1285	1953
1286	1955
1287	1958
1288	1961
1289	1964
1290	1966
1291	1969
1292	1972
1293	1973
1294	1974
1295	11914
1296	1977
1297	1978
1298	1984
1299	1986
1300	1987
1301	1992
1302	1997
1303	1998
1304	2000
1305	2001
1306	2002
1307	2004
1308	2009
1309	2011
1310	2013
1311	2024
1312	2025
1313	2036
1314	2037
1315	2041
1316	2045
1317	2051
1318	2053
1319	2054
1320	2061
1321	2062
1322	2065
1323	2066
1324	2073
1325	2076
1326	2077
1327	2083
1328	2088
1329	2089
1330	2091
1331	2095
1332	2101
1333	2111
1334	2115
1335	2116
1336	2120
1337	2122
1338	2125
1339	2128
1340	2130
1341	9584
1342	2138
1343	2139
1344	2140
1345	2141
1346	2142
1347	2145
1348	2148
1349	2150
1350	2151
1351	2152
1352	2153
1353	2159
1354	2161
1355	2166
1356	2172
1357	2176
1358	2178
1359	2179
1360	2180
1361	2182
1362	2185
1363	2186
1364	2188
1365	2191
1366	2194
1367	2198
1368	2201
1369	2206
1370	2209
1371	2211
1372	2213
1373	2222
1374	2228
1375	2229
1376	2232
1377	2235
1378	2238
1379	2242
1380	2243
1381	2254
1382	2255
1383	2257
1384	2258
1385	2259
1386	2263
1387	2266
1388	2271
1389	2273
1390	2274
1391	2278
1392	2279
1393	2281
1394	2283
1395	2289
1396	2293
1397	2296
1398	2304
1399	2305
1400	2306
1401	2308
1402	2310
1403	2313
1404	2315
1405	2316
1406	2321
1407	2324
1408	2330
1409	2332
1410	2336
1411	2337
1412	2339
1413	2342
1414	2345
1415	2346
1416	2347
1417	9639
1418	2352
1419	2357
1420	2359
1421	2360
1422	2361
1423	2362
1424	2365
1425	2370
1426	2371
1427	2372
1428	2374
1429	2378
1430	2380
1431	2382
1432	2385
1433	2386
1434	2396
1435	2400
1436	2401
1437	2405
1438	2413
1439	2414
1440	2422
1441	2424
1442	2429
1443	2434
1444	2435
1445	2437
1446	2438
1447	2442
1448	2443
1449	2444
1450	2445
1451	2450
1452	2456
1453	2460
1454	2464
1455	2465
1456	2467
1457	2468
1458	2469
1459	2470
1460	2474
1461	2475
1462	2477
1463	2481
1464	2482
1465	2491
1466	2492
1467	2496
1468	2497
1469	13593
1470	2510
1471	2511
1472	2512
1473	2516
1474	2517
1475	2520
1476	2522
1477	2526
1478	2527
1479	2530
1480	2531
1481	2538
1482	2542
1483	2545
1484	2550
1485	2552
1486	2553
1487	2558
1488	2564
1489	2565
1490	2575
1491	2579
1492	2581
1493	2582
1494	2585
1495	2586
1496	2588
1497	2594
1498	2599
1499	2601
1500	2602
1501	2603
1502	2607
1503	2614
1504	2615
1505	2616
1506	2621
1507	2626
1508	2632
1509	2633
1510	2635
1511	2637
1512	2638
1513	2641
1514	2642
1515	2643
1516	2645
1517	2646
1518	2649
1519	2650
1520	2652
1521	12107
1522	2659
1523	2664
1524	2669
1525	2670
1526	2678
1527	2679
1528	2681
1529	2682
1530	2684
1531	2685
1532	2688
1533	2693
1534	2696
1535	2697
1536	2719
1537	2726
1538	2728
1539	9167
1540	2730
1541	2731
1542	2734
1543	2738
1544	2739
1545	2740
1546	2742
1547	2744
1548	2745
1549	2752
1550	2768
1551	2775
1552	2776
1553	9742
1554	2782
1555	2787
1556	2788
1557	2791
1558	2792
1559	2800
1560	2803
1561	2806
1562	2807
1563	2809
1564	2817
1565	2818
1566	2820
1567	2825
1568	2829
1569	2832
1570	2835
1571	2836
1572	2838
1573	2842
1574	2845
1575	2846
1576	2848
1577	2858
1578	2859
1579	2878
1580	2881
1581	2887
1582	2890
1583	2891
1584	2904
1585	2910
1586	2914
1587	2916
1588	2918
1589	2921
1590	2926
1591	2932
1592	2938
1593	2939
1594	2945
1595	2946
1596	2953
1597	2954
1598	2957
1599	2960
1600	2965
1601	2966
1602	2970
1603	2972
1604	2982
1605	2986
1606	3011
1607	3013
1608	3014
1609	3027
1610	3028
1611	3033
1612	3034
1613	3038
1614	3040
1615	3052
1616	3053
1617	3056
1618	3059
1619	3066
1620	3075
1621	3076
1622	3085
1623	3090
1624	3093
1625	3096
1626	3099
1627	3102
1628	3109
1629	3111
1630	3115
1631	3120
1632	3129
1633	3142
1634	3144
1635	3148
1636	3154
1637	3160
1638	3162
1639	3165
1640	3166
1641	3168
1642	3173
1643	3177
1644	3179
1645	3186
1646	3195
1647	3198
1648	3199
1649	3204
1650	3220
1651	3221
1652	3229
1653	3232
1654	3239
1655	3240
1656	3244
1657	3245
1658	3252
1659	3255
1660	3260
1661	3266
1662	3271
1663	3284
1664	3312
1665	3317
1666	3320
1667	3325
1668	3333
1669	3339
1670	3346
1671	3357
1672	3358
1673	3365
1674	3366
1675	3371
1676	3374
1677	3388
1678	3391
1679	3402
1680	3403
1681	3414
1682	3415
1683	3419
1684	3423
1685	3424
1686	3438
1687	3452
1688	3462
1689	3469
1690	3471
1691	3473
1692	3476
1693	3487
1694	3488
1695	3490
1696	3491
1697	3499
1698	3504
1699	3505
1700	3521
1701	3527
1702	3530
1703	3536
1704	3540
1705	3547
1706	3552
1707	9951
1708	3556
1709	3568
1710	3572
1711	3577
1712	3582
1713	3590
1714	3592
1715	3595
1716	3597
1717	3600
1718	3605
1719	3611
1720	3619
1721	3621
1722	3629
1723	3636
1724	3650
1725	3656
1726	3672
1727	3677
1728	3680
1729	3695
1730	3720
1731	3723
1732	3726
1733	3736
1734	3743
1735	3750
1736	3752
1737	3758
1738	3759
1739	3765
1740	3769
1741	3782
1742	3786
1743	3789
1744	3793
1745	3794
1746	3803
1747	3818
1748	3823
1749	3833
1750	3844
1751	3845
1752	3858
1753	3859
1754	3866
1755	3876
1756	3886
1757	3888
1758	3894
1759	3895
1760	3897
1761	3898
1762	3901
1763	3904
1764	3907
1765	3911
1766	3914
1767	3917
1768	3923
1769	3926
1770	3928
1771	3936
1772	3938
1773	3962
1774	3979
1775	3982
1776	3990
1777	3991
1778	3999
1779	9226
1780	4019
1781	4029
1782	4030
1783	9229
1784	4044
1785	4052
1786	4063
1787	4078
1788	4082
1789	4095
1790	4105
1791	4106
1792	4107
1793	4111
1794	4121
1795	4125
1796	4127
1797	4151
1798	4152
1799	4154
1800	4159
1801	4174
1802	4176
1803	4193
1804	4201
1805	4206
1806	4209
1807	10126
1808	4225
1809	4238
1810	4241
1811	4268
1812	4269
1813	4277
1814	4287
1815	4288
1816	4289
1817	4293
1818	4330
1819	4342
1820	4349
1821	4357
1822	4368
1823	4372
1824	4374
1825	4379
1826	4381
1827	4387
1828	4388
1829	4393
1830	4406
1831	4407
1832	4429
1833	4435
1834	4436
1835	4438
1836	4442
1837	4449
1838	4455
1839	4457
1840	4465
1841	4468
1842	4477
1843	4484
1844	4494
1845	4506
1846	4509
1847	4521
1848	4522
1849	4525
1850	4532
1851	4543
1852	4558
1853	4593
1854	4596
1855	4605
1856	4625
1857	19661
1858	4661
1859	4696
1860	4731
1861	4738
1862	4744
1863	4768
1864	4791
1865	4801
1866	4802
1867	4805
1868	4813
1869	4818
1870	4825
1871	4873
1872	4876
1873	4923
1874	4924
1875	4934
1876	4935
1877	4936
1878	4944
1879	4953
1880	4975
1881	4982
1882	4985
1883	5033
1884	5048
1885	5053
1886	5074
1887	5082
1888	5130
1889	5135
1890	5151
1891	10361
1892	5159
1893	5186
1894	5212
1895	5237
1896	5285
1897	5298
1898	5308
1899	5314
1900	5327
1901	5328
1902	5336
1903	5338
1904	5341
1905	5407
1906	5417
1907	5429
1908	5443
1909	5464
1910	5467
1911	5497
1912	5527
1913	5537
1914	5619
1915	5629
1916	5633
1917	5641
1918	5643
1919	5730
1920	5775
1921	5789
1922	5793
1923	5809
1924	10525
1925	5895
1926	5936
1927	5946
1928	5971
1929	6001
1930	6054
1931	6068
1932	6111
1933	6150
1934	6155
1935	6221
1936	6251
1937	6298
1938	6340
1939	6347
1940	6397
1941	6425
1942	6458
1943	6461
1944	6509
1945	6545
1946	6616
1947	6648
1948	6657
1949	6659
1950	6689
1951	6698
1952	6753
1953	6799
1954	6814
1955	6818
1956	6870
1957	6915
1958	6922
1959	13498
1960	7021
1961	7049
1962	7175
1963	7209
1964	7241
1965	7278
1966	7379
1967	10918
1968	7401
1969	7404
1970	7413
1971	7443
1972	7536
1973	7540
1974	7627
1975	9390
1976	7731
1977	7737
1978	7740
1979	7782
1980	7802
1981	7832
1982	7883
1983	7965
1984	8022
1985	11100
1986	8375
1987	8402
1988	8464
1989	8468
1990	8499
1991	8581
1992	8603
1993	8618
1994	8670
1995	8683
1996	8763
1997	8831
1998	8899
1999	9021
