0	2
1	3
2	4
3	5
4	6
5	7
6	8
7	9
8	10
9	11
10	12
11	13
12	14
13	15
14	16
15	17
16	18
17	19
18	20
19	21
20	22
21	23
22	24
23	25
24	26
25	27
26	28
27	29
28	30
29	31
30	32
31	33
32	34
33	35
34	36
35	37
36	38
37	39
38	40
39	41
40	42
41	43
42	44
43	45
44	46
45	47
46	48
47	49
48	50
49	51
50	52
51	53
52	54
53	55
54	56
55	57
56	58
57	59
58	60
59	61
60	62
61	63
62	64
63	65
64	66
65	67
66	68
67	69
68	70
69	71
70	72
71	73
72	74
73	75
74	76
75	77
76	78
77	79
78	80
79	81
80	82
81	83
82	84
83	85
84	86
85	87
86	88
87	89
88	90
89	91
90	92
91	93
92	94
93	95
94	96
95	97
96	98
97	99
98	100
99	101
100	102
101	103
102	104
103	105
104	106
105	107
106	108
107	109
108	110
109	111
110	112
111	113
112	114
113	115
114	116
115	117
116	118
117	119
118	120
119	121
120	122
121	123
122	124
123	125
124	126
125	127
126	128
127	129
128	130
129	131
130	132
131	133
132	134
133	135
134	136
135	9226
136	138
137	139
138	140
139	141
140	142
141	143
142	144
143	145
144	146
145	147
146	148
147	150
148	151
149	152
150	153
151	154
152	155
153	156
154	157
155	158
156	159
157	160
158	161
159	162
160	163
161	164
162	165
163	166
164	167
165	168
166	169
167	170
168	171
169	172
170	173
171	174
172	175
173	176
174	177
175	178
176	179
177	180
178	181
179	182
180	183
181	184
182	185
183	186
184	187
185	188
186	189
187	190
188	191
189	192
190	193
191	195
192	196
193	197
194	198
195	200
196	201
197	202
198	204
199	205
200	206
201	207
202	208
203	209
204	210
205	212
206	214
207	215
208	216
209	217
210	218
211	219
212	220
213	221
214	222
215	223
216	224
217	225
218	226
219	227
220	228
221	229
222	230
223	231
224	232
225	233
226	234
227	235
228	236
229	237
230	239
231	240
232	241
233	242
234	243
235	245
236	248
237	249
238	250
239	251
240	252
241	254
242	255
243	256
244	257
245	258
246	259
247	260
248	261
249	262
250	263
251	264
252	265
253	266
254	267
255	268
256	269
257	270
258	271
259	273
260	274
261	275
262	276
263	279
264	280
265	281
266	282
267	283
268	284
269	285
270	286
271	287
272	288
273	289
274	290
275	291
276	292
277	293
278	294
279	295
280	296
281	297
282	298
283	299
284	300
285	301
286	302
287	305
288	306
289	307
290	308
291	309
292	310
293	311
294	312
295	313
296	314
297	315
298	317
299	318
300	319
301	320
302	321
303	322
304	323
305	324
306	325
307	326
308	327
309	328
310	329
311	330
312	331
313	332
314	333
315	334
316	335
317	336
318	337
319	338
320	339
321	341
322	342
323	343
324	344
325	345
326	346
327	347
328	348
329	350
330	352
331	353
332	354
333	355
334	356
335	357
336	358
337	359
338	360
339	362
340	363
341	364
342	365
343	366
344	367
345	368
346	369
347	370
348	371
349	372
350	373
351	374
352	375
353	376
354	377
355	379
356	380
357	381
358	382
359	383
360	384
361	385
362	386
363	387
364	388
365	389
366	390
367	391
368	393
369	394
370	395
371	396
372	397
373	398
374	401
375	403
376	407
377	408
378	411
379	412
380	413
381	414
382	415
383	416
384	417
385	418
386	419
387	420
388	421
389	422
390	423
391	424
392	425
393	426
394	427
395	428
396	430
397	431
398	432
399	433
400	434
401	435
402	436
403	437
404	438
405	440
406	441
407	442
408	443
409	445
410	447
411	448
412	450
413	451
414	452
415	453
416	454
417	455
418	456
419	457
420	458
421	459
422	462
423	463
424	464
425	465
426	469
427	470
428	471
429	472
430	473
431	475
432	476
433	478
434	479
435	482
436	484
437	485
438	486
439	487
440	488
441	489
442	490
443	492
444	493
445	494
446	496
447	498
448	499
449	500
450	501
451	502
452	503
453	504
454	505
455	506
456	507
457	508
458	509
459	510
460	511
461	512
462	514
463	515
464	516
465	517
466	518
467	520
468	521
469	522
470	523
471	525
472	526
473	527
474	528
475	530
476	531
477	532
478	533
479	535
480	536
481	537
482	538
483	539
484	541
485	543
486	544
487	545
488	546
489	547
490	548
491	549
492	550
493	551
494	552
495	553
496	554
497	555
498	556
499	559
500	560
501	561
502	563
503	564
504	566
505	567
506	568
507	570
508	571
509	572
510	573
511	576
512	577
513	578
514	579
515	580
516	582
517	585
518	589
519	590
520	591
521	592
522	593
523	594
524	596
525	597
526	598
527	599
528	600
529	601
530	602
531	604
532	605
533	606
534	607
535	608
536	609
537	610
538	612
539	613
540	614
541	615
542	616
543	618
544	619
545	620
546	621
547	622
548	623
549	625
550	627
551	629
552	630
553	631
554	634
555	635
556	638
557	641
558	642
559	643
560	644
561	645
562	646
563	647
564	649
565	652
566	654
567	655
568	656
569	657
570	658
571	659
572	660
573	662
574	663
575	664
576	665
577	669
578	670
579	671
580	672
581	673
582	674
583	675
584	676
585	677
586	679
587	681
588	683
589	684
590	685
591	686
592	687
593	688
594	689
595	690
596	691
597	693
598	694
599	696
600	699
601	700
602	702
603	703
604	705
605	706
606	707
607	708
608	709
609	712
610	713
611	714
612	715
613	718
614	719
615	720
616	721
617	722
618	723
619	724
620	727
621	728
622	730
623	732
624	734
625	735
626	736
627	737
628	739
629	10145
630	741
631	742
632	743
633	745
634	747
635	748
636	749
637	750
638	751
639	753
640	755
641	757
642	758
643	760
644	761
645	762
646	763
647	764
648	765
649	766
650	767
651	768
652	769
653	770
654	771
655	772
656	773
657	775
658	776
659	9219
660	778
661	781
662	782
663	783
664	784
665	786
666	787
667	788
668	789
669	790
670	791
671	792
672	793
673	794
674	795
675	799
676	805
677	806
678	807
679	808
680	809
681	810
682	811
683	813
684	814
685	816
686	817
687	818
688	819
689	820
690	822
691	823
692	824
693	825
694	827
695	828
696	829
697	830
698	832
699	833
700	835
701	836
702	838
703	839
704	843
705	844
706	845
707	846
708	847
709	850
710	852
711	853
712	854
713	855
714	859
715	860
716	861
717	862
718	863
719	864
720	865
721	866
722	867
723	869
724	870
725	872
726	873
727	874
728	10377
729	877
730	879
731	880
732	885
733	886
734	887
735	888
736	889
737	892
738	893
739	894
740	895
741	896
742	899
743	900
744	901
745	902
746	905
747	906
748	907
749	909
750	910
751	911
752	916
753	917
754	919
755	920
756	921
757	922
758	923
759	924
760	926
761	927
762	928
763	929
764	930
765	931
766	933
767	934
768	935
769	936
770	937
771	939
772	941
773	943
774	944
775	945
776	946
777	947
778	948
779	949
780	950
781	951
782	953
783	957
784	959
785	960
786	965
787	967
788	968
789	969
790	972
791	973
792	974
793	976
794	979
795	981
796	982
797	983
798	984
799	987
800	990
801	992
802	994
803	995
804	996
805	997
806	998
807	999
808	1001
809	1002
810	1005
811	1006
812	1007
813	1008
814	1011
815	1015
816	1016
817	1017
818	1019
819	1020
820	1021
821	1023
822	1024
823	1025
824	1026
825	1028
826	1031
827	1032
828	1033
829	1034
830	1035
831	1036
832	1037
833	1038
834	1040
835	1042
836	1045
837	1046
838	1047
839	1048
840	1050
841	1054
842	1058
843	1060
844	1061
845	1062
846	1063
847	1064
848	1068
849	1070
850	1078
851	1079
852	1080
853	1082
854	1083
855	1084
856	1088
857	1090
858	1091
859	1092
860	1093
861	1094
862	1095
863	1098
864	1100
865	1103
866	1104
867	1106
868	1108
869	1109
870	1111
871	1112
872	1113
873	1117
874	1118
875	1123
876	1124
877	1126
878	1127
879	1128
880	1130
881	1131
882	1132
883	1133
884	1135
885	1137
886	1139
887	1141
888	1142
889	1145
890	1147
891	10882
892	1150
893	1151
894	1152
895	10902
896	1161
897	1165
898	1167
899	1168
900	1169
901	1170
902	1171
903	1172
904	1175
905	1176
906	1177
907	1178
908	1179
909	1181
910	1185
911	1186
912	1188
913	1189
914	1192
915	1193
916	1194
917	1198
918	1199
919	1203
920	1205
921	1206
922	1208
923	1211
924	1213
925	1214
926	1215
927	1217
928	1218
929	1219
930	1221
931	1223
932	1226
933	1227
934	1229
935	1230
936	1231
937	1235
938	1236
939	1237
940	1238
941	1239
942	1240
943	1242
944	1243
945	1246
946	1249
947	1251
948	1252
949	1253
950	1254
951	1255
952	1256
953	1258
954	1259
955	1260
956	1264
957	1271
958	1272
959	1276
960	1279
961	1280
962	1281
963	1282
964	1286
965	1288
966	1289
967	1290
968	1291
969	1293
970	1295
971	1296
972	1301
973	1302
974	1304
975	1307
976	1308
977	1311
978	1312
979	1313
980	1314
981	1319
982	1320
983	1321
984	1324
985	1325
986	1327
987	1328
988	1329
989	1330
990	1331
991	1333
992	1334
993	1335
994	1336
995	1337
996	1341
997	1343
998	1344
999	1345
1000	1346
1001	1347
1002	1348
1003	1350
1004	1351
1005	1352
1006	1353
1007	1359
1008	1360
1009	1361
1010	1362
1011	1364
1012	1365
1013	1366
1014	1367
1015	1368
1016	1373
1017	1374
1018	1375
1019	1377
1020	1379
1021	1380
1022	1387
1023	1388
1024	1389
1025	1390
1026	1391
1027	1394
1028	1396
1029	1398
1030	1399
1031	1401
1032	1404
1033	1407
1034	1408
1035	1409
1036	1410
1037	1411
1038	1414
1039	1415
1040	1416
1041	1418
1042	1419
1043	1421
1044	1427
1045	1431
1046	1433
1047	1435
1048	1436
1049	1437
1050	1439
1051	1441
1052	1443
1053	1446
1054	1449
1055	1451
1056	1454
1057	1455
1058	1457
1059	1462
1060	1463
1061	1466
1062	1467
1063	1469
1064	1471
1065	1472
1066	1479
1067	1480
1068	1481
1069	1482
1070	1486
1071	1487
1072	1488
1073	1491
1074	1495
1075	1498
1076	1500
1077	1503
1078	1504
1079	1506
1080	1510
1081	1511
1082	1514
1083	1517
1084	1519
1085	1521
1086	1522
1087	1523
1088	1525
1089	1527
1090	1529
1091	1531
1092	1532
1093	1535
1094	1538
1095	1539
1096	1541
1097	1542
1098	1544
1099	1545
1100	1546
1101	1550
1102	1552
1103	1554
1104	1559
1105	1562
1106	1567
1107	1569
1108	1571
1109	1572
1110	1573
1111	1574
1112	1575
1113	1578
1114	1579
1115	1582
1116	1583
1117	1586
1118	1594
1119	1595
1120	1596
1121	1599
1122	1600
1123	1603
1124	1609
1125	1614
1126	1620
1127	1621
1128	1622
1129	1623
1130	1626
1131	1630
1132	1632
1133	1633
1134	1634
1135	1639
1136	1641
1137	1642
1138	1643
1139	1648
1140	1650
1141	1655
1142	1656
1143	1659
1144	1662
1145	1664
1146	1665
1147	1666
1148	1667
1149	1671
1150	1676
1151	1677
1152	1680
1153	1685
1154	1691
1155	1692
1156	1695
1157	1696
1158	1699
1159	1700
1160	1701
1161	1702
1162	1703
1163	1704
1164	1706
1165	1709
1166	1710
1167	1711
1168	1713
1169	1714
1170	1716
1171	1719
1172	1721
1173	1723
1174	1726
1175	1727
1176	1731
1177	1733
1178	1736
1179	1739
1180	1744
1181	1745
1182	1749
1183	1751
1184	1754
1185	1756
1186	1761
1187	1762
1188	1763
1189	1765
1190	1766
1191	1768
1192	1769
1193	1771
1194	1772
1195	1775
1196	1777
1197	1778
1198	1782
1199	1785
1200	1787
1201	1792
1202	1793
1203	1799
1204	1804
1205	1805
1206	1809
1207	1810
1208	1813
1209	1818
1210	1819
1211	1820
1212	1823
1213	1828
1214	1831
1215	1832
1216	1835
1217	1841
1218	1843
1219	1844
1220	1845
1221	1847
1222	1850
1223	1857
1224	1859
1225	1861
1226	1864
1227	1866
1228	1868
1229	1869
1230	1870
1231	1872
1232	1880
1233	1881
1234	1883
1235	1885
1236	1886
1237	1888
1238	1890
1239	1894
1240	1899
1241	1902
1242	1903
1243	1904
1244	1907
1245	1913
1246	1915
1247	1916
1248	1918
1249	1921
1250	1926
1251	1927
1252	12303
1253	1944
1254	1946
1255	1950
1256	1955
1257	1957
1258	1959
1259	1960
1260	1963
1261	1964
1262	1977
1263	1979
1264	1981
1265	1982
1266	1984
1267	1986
1268	1988
1269	1990
1270	1992
1271	1995
1272	1996
1273	1999
1274	2004
1275	2006
1276	2007
1277	2014
1278	2015
1279	2016
1280	2021
1281	2024
1282	2025
1283	2027
1284	2031
1285	2038
1286	2041
1287	2046
1288	2048
1289	2049
1290	2050
1291	2054
1292	2057
1293	2059
1294	2065
1295	2069
1296	2071
1297	2073
1298	2076
1299	2078
1300	2080
1301	2082
1302	2083
1303	2084
1304	2086
1305	2087
1306	2089
1307	2092
1308	2093
1309	2096
1310	2098
1311	2099
1312	2101
1313	2102
1314	2104
1315	2105
1316	2110
1317	2114
1318	2116
1319	2121
1320	2122
1321	2123
1322	2125
1323	2126
1324	2128
1325	2133
1326	2135
1327	2142
1328	2148
1329	2152
1330	2154
1331	2156
1332	2158
1333	2161
1334	2163
1335	2165
1336	2166
1337	2171
1338	2173
1339	2174
1340	2176
1341	2178
1342	2179
1343	2181
1344	2182
1345	2184
1346	2186
1347	2187
1348	2189
1349	2193
1350	2195
1351	2197
1352	2200
1353	2203
1354	2207
1355	2214
1356	2216
1357	2222
1358	2226
1359	2230
1360	2231
1361	2233
1362	2234
1363	2239
1364	2240
1365	2241
1366	2243
1367	2245
1368	2247
1369	2248
1370	2249
1371	2253
1372	2255
1373	2262
1374	2263
1375	2264
1376	2268
1377	2270
1378	12989
1379	2278
1380	2281
1381	2283
1382	2285
1383	2287
1384	2293
1385	2296
1386	2297
1387	2308
1388	2320
1389	2323
1390	2327
1391	2331
1392	2335
1393	2337
1394	2351
1395	2352
1396	2353
1397	2354
1398	2357
1399	2358
1400	2359
1401	2362
1402	2366
1403	2372
1404	2378
1405	2384
1406	2385
1407	2387
1408	2388
1409	2389
1410	2395
1411	2396
1412	2399
1413	2400
1414	2403
1415	2405
1416	2406
1417	2407
1418	2413
1419	2417
1420	2419
1421	2420
1422	2421
1423	2423
1424	2424
1425	2426
1426	2427
1427	2431
1428	2436
1429	2438
1430	2439
1431	2440
1432	2444
1433	2445
1434	2455
1435	2460
1436	2462
1437	2463
1438	2465
1439	2468
1440	2471
1441	2476
1442	2478
1443	2484
1444	2487
1445	2488
1446	2490
1447	2495
1448	2499
1449	2514
1450	2518
1451	2520
1452	2522
1453	2528
1454	2539
1455	2541
1456	2542
1457	2543
1458	2548
1459	2551
1460	2556
1461	2561
1462	2564
1463	2566
1464	2568
1465	2576
1466	2584
1467	2588
1468	2591
1469	2592
1470	2595
1471	2596
1472	2598
1473	2601
1474	2603
1475	2604
1476	2613
1477	2614
1478	2623
1479	2624
1480	2626
1481	2630
1482	13784
1483	2633
1484	2641
1485	2642
1486	2648
1487	2649
1488	2651
1489	2652
1490	2661
1491	2663
1492	2667
1493	2671
1494	2672
1495	2674
1496	2676
1497	2677
1498	2678
1499	2681
1500	2685
1501	2687
1502	2691
1503	2700
1504	2707
1505	2710
1506	2713
1507	2714
1508	12111
1509	2722
1510	2728
1511	2734
1512	2735
1513	2736
1514	2738
1515	2741
1516	2750
1517	2752
1518	2754
1519	2766
1520	2770
1521	2777
1522	2779
1523	2782
1524	2784
1525	2785
1526	2790
1527	2796
1528	2799
1529	15186
1530	2805
1531	2815
1532	2817
1533	2819
1534	2822
1535	2824
1536	2827
1537	2829
1538	2832
1539	2834
1540	2838
1541	2839
1542	2842
1543	2846
1544	2850
1545	2860
1546	2862
1547	9736
1548	2874
1549	2877
1550	2886
1551	2914
1552	2916
1553	2919
1554	2931
1555	2944
1556	2955
1557	2958
1558	2959
1559	2960
1560	2961
1561	2967
1562	2982
1563	9771
1564	2989
1565	2996
1566	2997
1567	3001
1568	3004
1569	14703
1570	3007
1571	3011
1572	3016
1573	3020
1574	3021
1575	3023
1576	3027
1577	3031
1578	3043
1579	3044
1580	3049
1581	3050
1582	3053
1583	3068
1584	3071
1585	3078
1586	3082
1587	3086
1588	3087
1589	3090
1590	3095
1591	3098
1592	3103
1593	3106
1594	3109
1595	3116
1596	3117
1597	3126
1598	3127
1599	3128
1600	3137
1601	3150
1602	3157
1603	3161
1604	3162
1605	3163
1606	3182
1607	3187
1608	3188
1609	3192
1610	3194
1611	3196
1612	3197
1613	3202
1614	3206
1615	3208
1616	3212
1617	3218
1618	3223
1619	3232
1620	3233
1621	3240
1622	3245
1623	3247
1624	3249
1625	3252
1626	3255
1627	3256
1628	3263
1629	3270
1630	3273
1631	3274
1632	3275
1633	3296
1634	3298
1635	3300
1636	3304
1637	9572
1638	3314
1639	3315
1640	3318
1641	15556
1642	3327
1643	3328
1644	3337
1645	3338
1646	3339
1647	3344
1648	3352
1649	3355
1650	3356
1651	3361
1652	3362
1653	3374
1654	3375
1655	3379
1656	3383
1657	3393
1658	3395
1659	3408
1660	3413
1661	3421
1662	3425
1663	3432
1664	3434
1665	3437
1666	3441
1667	3443
1668	3445
1669	3446
1670	3450
1671	3454
1672	3466
1673	3467
1674	15952
1675	3474
1676	3487
1677	3491
1678	3497
1679	3501
1680	3503
1681	3504
1682	3518
1683	3531
1684	3533
1685	3535
1686	3542
1687	3552
1688	3555
1689	3558
1690	3559
1691	3572
1692	3574
1693	16204
1694	3579
1695	3581
1696	3584
1697	16244
1698	3599
1699	3600
1700	3605
1701	3612
1702	3623
1703	3629
1704	3637
1705	3660
1706	3662
1707	3663
1708	3665
1709	3669
1710	3671
1711	3673
1712	3674
1713	3679
1714	3692
1715	3697
1716	3711
1717	3713
1718	3714
1719	3717
1720	3721
1721	3730
1722	3740
1723	3741
1724	3743
1725	3745
1726	3752
1727	3757
1728	3761
1729	3772
1730	3776
1731	3777
1732	3781
1733	3789
1734	3797
1735	3807
1736	3808
1737	3810
1738	3811
1739	3813
1740	3818
1741	3819
1742	3832
1743	3847
1744	3848
1745	15722
1746	3867
1747	3889
1748	3890
1749	3894
1750	3896
1751	3910
1752	3921
1753	3929
1754	3933
1755	3936
1756	3948
1757	3952
1758	3956
1759	3964
1760	3973
1761	3992
1762	3994
1763	3998
1764	4002
1765	4005
1766	4006
1767	4016
1768	4023
1769	4029
1770	4045
1771	4047
1772	4055
1773	4079
1774	4082
1775	4089
1776	4093
1777	4095
1778	4098
1779	4108
1780	4134
1781	4137
1782	4171
1783	4182
1784	4186
1785	4193
1786	4204
1787	4213
1788	4225
1789	4226
1790	4235
1791	4244
1792	4262
1793	4268
1794	4276
1795	4304
1796	4313
1797	4333
1798	4336
1799	12637
1800	4346
1801	4348
1802	4354
1803	18583
1804	4368
1805	4374
1806	4378
1807	4395
1808	4401
1809	4406
1810	4422
1811	4425
1812	4426
1813	4427
1814	4428
1815	4446
1816	4451
1817	4454
1818	4485
1819	4503
1820	4511
1821	4512
1822	4522
1823	4534
1824	4539
1825	4543
1826	4546
1827	4554
1828	4561
1829	4565
1830	4566
1831	4573
1832	4574
1833	4584
1834	4611
1835	4613
1836	11524
1837	4666
1838	4673
1839	4681
1840	4688
1841	4697
1842	4701
1843	4705
1844	4710
1845	4712
1846	4717
1847	4745
1848	4758
1849	4765
1850	4780
1851	4781
1852	10247
1853	4834
1854	4837
1855	4853
1856	4866
1857	4878
1858	4898
1859	4920
1860	4929
1861	4934
1862	4946
1863	4950
1864	4953
1865	4956
1866	4973
1867	4976
1868	4981
1869	4986
1870	4987
1871	4988
1872	5004
1873	5021
1874	5029
1875	5035
1876	5051
1877	5053
1878	5054
1879	5063
1880	5068
1881	5078
1882	5080
1883	5104
1884	5133
1885	5167
1886	5169
1887	5233
1888	5248
1889	5262
1890	5265
1891	5288
1892	5295
1893	5297
1894	5302
1895	5331
1896	5339
1897	5341
1898	5342
1899	5355
1900	5356
1901	5366
1902	5377
1903	5401
1904	5417
1905	5443
1906	5451
1907	5465
1908	5474
1909	5476
1910	5511
1911	10443
1912	5560
1913	5566
1914	5593
1915	5671
1916	5675
1917	5685
1918	5691
1919	5700
1920	5714
1921	5728
1922	5732
1923	5756
1924	5763
1925	5779
1926	5790
1927	5849
1928	5856
1929	5862
1930	5866
1931	5883
1932	5910
1933	5944
1934	5967
1935	5978
1936	5985
1937	6005
1938	6043
1939	6084
1940	6118
1941	6155
1942	6170
1943	6238
1944	6278
1945	6285
1946	6324
1947	6360
1948	6362
1949	6373
1950	6451
1951	6486
1952	6518
1953	6525
1954	6533
1955	6577
1956	6601
1957	6618
1958	6638
1959	6639
1960	6841
1961	6879
1962	6885
1963	6894
1964	6945
1965	6962
1966	7086
1967	7106
1968	7175
1969	7180
1970	7249
1971	7271
1972	7374
1973	7377
1974	7379
1975	7433
1976	7442
1977	7544
1978	7547
1979	7557
1980	7608
1981	7689
1982	7691
1983	7798
1984	7856
1985	7859
1986	7985
1987	8061
1988	8115
1989	8168
1990	8249
1991	8310
1992	8358
1993	8462
1994	8572
1995	8589
1996	8621
1997	8799
1998	8848
1999	8979
