0	2
1	3
2	4
3	5
4	6
5	7
6	8
7	9
8	10
9	11
10	12
11	13
12	14
13	15
14	16
15	17
16	18
17	19
18	20
19	21
20	22
21	23
22	24
23	25
24	26
25	27
26	28
27	29
28	30
29	31
30	32
31	33
32	34
33	35
34	36
35	37
36	38
37	39
38	40
39	41
40	42
41	43
42	44
43	45
44	46
45	47
46	48
47	49
48	50
49	51
50	52
51	53
52	54
53	55
54	56
55	57
56	58
57	59
58	60
59	61
60	62
61	63
62	64
63	65
64	66
65	67
66	68
67	69
68	70
69	71
70	72
71	73
72	74
73	75
74	76
75	77
76	78
77	79
78	80
79	81
80	82
81	83
82	84
83	85
84	86
85	87
86	88
87	89
88	90
89	91
90	93
91	94
92	95
93	96
94	97
95	98
96	99
97	100
98	101
99	102
100	103
101	104
102	105
103	106
104	107
105	108
106	109
107	110
108	111
109	112
110	113
111	114
112	115
113	116
114	117
115	118
116	119
117	120
118	121
119	122
120	123
121	124
122	125
123	126
124	127
125	129
126	130
127	132
128	133
129	134
130	135
131	136
132	137
133	138
134	140
135	141
136	142
137	143
138	144
139	145
140	146
141	147
142	148
143	149
144	150
145	151
146	152
147	153
148	155
149	156
150	157
151	158
152	159
153	160
154	161
155	162
156	163
157	164
158	165
159	167
160	168
161	169
162	170
163	171
164	172
165	173
166	174
167	176
168	177
169	178
170	179
171	180
172	181
173	182
174	183
175	184
176	185
177	186
178	187
179	188
180	189
181	191
182	192
183	193
184	194
185	195
186	196
187	197
188	198
189	199
190	201
191	202
192	203
193	204
194	206
195	208
196	209
197	210
198	211
199	212
200	213
201	214
202	215
203	216
204	217
205	218
206	219
207	220
208	221
209	222
210	223
211	224
212	225
213	226
214	227
215	228
216	229
217	230
218	231
219	232
220	233
221	234
222	235
223	236
224	239
225	240
226	241
227	242
228	243
229	244
230	245
231	246
232	247
233	248
234	249
235	250
236	252
237	253
238	254
239	255
240	257
241	258
242	259
243	260
244	261
245	262
246	264
247	265
248	266
249	268
250	269
251	270
252	272
253	273
254	274
255	275
256	276
257	277
258	278
259	279
260	280
261	282
262	283
263	284
264	285
265	286
266	287
267	288
268	289
269	290
270	291
271	292
272	293
273	294
274	295
275	296
276	299
277	300
278	301
279	304
280	305
281	306
282	307
283	308
284	309
285	310
286	311
287	312
288	313
289	314
290	315
291	316
292	317
293	318
294	319
295	320
296	321
297	322
298	323
299	324
300	325
301	326
302	327
303	328
304	330
305	331
306	332
307	334
308	336
309	337
310	338
311	339
312	340
313	341
314	342
315	343
316	344
317	345
318	346
319	347
320	348
321	349
322	351
323	352
324	354
325	355
326	356
327	359
328	360
329	362
330	363
331	364
332	365
333	368
334	369
335	370
336	371
337	373
338	374
339	375
340	376
341	377
342	380
343	381
344	382
345	384
346	385
347	386
348	388
349	389
350	390
351	391
352	392
353	393
354	396
355	397
356	398
357	399
358	400
359	402
360	403
361	404
362	405
363	406
364	407
365	408
366	409
367	410
368	411
369	412
370	413
371	416
372	417
373	418
374	419
375	420
376	421
377	422
378	424
379	425
380	426
381	427
382	428
383	429
384	431
385	432
386	433
387	435
388	436
389	437
390	438
391	439
392	440
393	441
394	442
395	443
396	444
397	445
398	446
399	447
400	448
401	449
402	450
403	451
404	452
405	453
406	454
407	455
408	456
409	457
410	459
411	460
412	461
413	463
414	465
415	466
416	467
417	468
418	470
419	471
420	472
421	473
422	474
423	475
424	476
425	477
426	478
427	479
428	480
429	481
430	482
431	483
432	484
433	485
434	486
435	487
436	488
437	489
438	490
439	491
440	493
441	494
442	495
443	496
444	497
445	498
446	499
447	500
448	501
449	502
450	503
451	504
452	507
453	510
454	512
455	513
456	515
457	516
458	517
459	518
460	520
461	521
462	523
463	524
464	525
465	526
466	529
467	531
468	532
469	534
470	535
471	536
472	537
473	541
474	542
475	543
476	544
477	546
478	547
479	548
480	550
481	551
482	553
483	556
484	560
485	561
486	562
487	563
488	564
489	565
490	566
491	567
492	569
493	571
494	572
495	573
496	574
497	575
498	576
499	577
500	579
501	580
502	581
503	582
504	583
505	585
506	586
507	587
508	588
509	589
510	590
511	591
512	592
513	593
514	594
515	596
516	597
517	598
518	599
519	600
520	601
521	603
522	604
523	606
524	607
525	608
526	609
527	611
528	612
529	613
530	614
531	615
532	616
533	617
534	618
535	619
536	621
537	622
538	623
539	624
540	625
541	626
542	627
543	628
544	629
545	630
546	631
547	632
548	634
549	635
550	638
551	639
552	640
553	641
554	644
555	646
556	647
557	649
558	650
559	651
560	652
561	653
562	656
563	657
564	658
565	660
566	661
567	662
568	663
569	664
570	665
571	666
572	667
573	668
574	669
575	670
576	671
577	673
578	676
579	677
580	678
581	679
582	680
583	681
584	684
585	685
586	686
587	687
588	688
589	689
590	690
591	691
592	693
593	694
594	695
595	698
596	699
597	700
598	701
599	702
600	703
601	704
602	706
603	707
604	708
605	709
606	710
607	711
608	712
609	714
610	716
611	718
612	719
613	721
614	722
615	724
616	725
617	727
618	728
619	729
620	730
621	731
622	732
623	733
624	735
625	737
626	738
627	739
628	740
629	742
630	745
631	746
632	748
633	749
634	750
635	752
636	753
637	756
638	757
639	758
640	759
641	761
642	763
643	765
644	766
645	769
646	770
647	772
648	776
649	777
650	778
651	779
652	780
653	781
654	782
655	783
656	784
657	785
658	788
659	789
660	791
661	793
662	794
663	796
664	797
665	798
666	802
667	803
668	805
669	806
670	809
671	810
672	811
673	812
674	813
675	815
676	816
677	818
678	819
679	820
680	821
681	822
682	823
683	824
684	825
685	826
686	829
687	836
688	837
689	838
690	839
691	9391
692	843
693	844
694	845
695	847
696	848
697	849
698	850
699	853
700	854
701	855
702	856
703	857
704	858
705	860
706	861
707	862
708	864
709	865
710	866
711	871
712	874
713	875
714	876
715	879
716	880
717	881
718	883
719	884
720	885
721	888
722	889
723	890
724	891
725	892
726	893
727	895
728	896
729	898
730	899
731	900
732	901
733	902
734	904
735	905
736	906
737	907
738	911
739	912
740	913
741	916
742	917
743	918
744	920
745	924
746	925
747	928
748	930
749	931
750	932
751	933
752	934
753	935
754	936
755	938
756	939
757	942
758	944
759	945
760	946
761	947
762	951
763	953
764	954
765	956
766	957
767	958
768	960
769	962
770	963
771	964
772	966
773	967
774	968
775	969
776	970
777	971
778	972
779	973
780	974
781	976
782	979
783	981
784	983
785	984
786	985
787	988
788	989
789	991
790	993
791	995
792	996
793	997
794	1000
795	1001
796	1002
797	1003
798	1004
799	1006
800	1007
801	1008
802	1009
803	1016
804	1019
805	1020
806	1022
807	1023
808	1025
809	1027
810	1028
811	1029
812	1030
813	1034
814	1037
815	1038
816	1039
817	1043
818	1046
819	1047
820	1048
821	1049
822	1051
823	1054
824	1057
825	1060
826	1061
827	1062
828	1063
829	1064
830	1065
831	10580
832	1067
833	1069
834	1071
835	1072
836	1073
837	1074
838	1075
839	1076
840	1078
841	1079
842	1080
843	1082
844	1084
845	1088
846	1089
847	1091
848	1092
849	1093
850	1095
851	1096
852	1097
853	1098
854	1100
855	1101
856	1102
857	1103
858	1104
859	1105
860	1107
861	1108
862	1109
863	1110
864	1111
865	1113
866	1114
867	1115
868	1116
869	1118
870	1120
871	1122
872	1123
873	1125
874	1126
875	1128
876	1130
877	1131
878	1132
879	1133
880	1134
881	1135
882	1136
883	1139
884	1141
885	1142
886	1143
887	1144
888	1145
889	1147
890	1149
891	1150
892	1151
893	1155
894	1156
895	1158
896	1159
897	1160
898	1161
899	1163
900	1164
901	1166
902	1167
903	1168
904	1169
905	1172
906	1173
907	1174
908	1175
909	1177
910	1178
911	1180
912	1181
913	1184
914	1185
915	1186
916	1187
917	1189
918	1190
919	1191
920	1194
921	1196
922	1198
923	1199
924	1201
925	1202
926	1203
927	1204
928	1205
929	1208
930	1209
931	1212
932	1215
933	1217
934	1219
935	1220
936	1221
937	1229
938	1231
939	1232
940	1233
941	1234
942	1236
943	1237
944	1242
945	1247
946	1251
947	1253
948	1254
949	1255
950	1262
951	1263
952	1264
953	1265
954	1268
955	1269
956	1270
957	1271
958	1272
959	1278
960	1279
961	1282
962	1284
963	1286
964	1287
965	1289
966	1290
967	1297
968	1301
969	1302
970	1303
971	1305
972	1308
973	1309
974	1310
975	1314
976	1316
977	1317
978	1318
979	1321
980	1322
981	1324
982	1325
983	1326
984	1327
985	1329
986	1333
987	1334
988	1336
989	1337
990	1339
991	1345
992	1346
993	1348
994	1349
995	1351
996	11067
997	1354
998	1357
999	1365
1000	1366
1001	1369
1002	1371
1003	1373
1004	1376
1005	1382
1006	1383
1007	1385
1008	1389
1009	1391
1010	1393
1011	1394
1012	1395
1013	1396
1014	1398
1015	1399
1016	1401
1017	1402
1018	1403
1019	1405
1020	1406
1021	1407
1022	1410
1023	1411
1024	1417
1025	1418
1026	1420
1027	1421
1028	1422
1029	1424
1030	11208
1031	1426
1032	1427
1033	1428
1034	1435
1035	1436
1036	1437
1037	1439
1038	1441
1039	1443
1040	1445
1041	1446
1042	1447
1043	1448
1044	1450
1045	1453
1046	1456
1047	1460
1048	1462
1049	1464
1050	1466
1051	1467
1052	1468
1053	1469
1054	1471
1055	1473
1056	1474
1057	1475
1058	1477
1059	1479
1060	1480
1061	1481
1062	1483
1063	1486
1064	1488
1065	1490
1066	1491
1067	1493
1068	1494
1069	1497
1070	1498
1071	1499
1072	1500
1073	1502
1074	1503
1075	1504
1076	1508
1077	1509
1078	1512
1079	1513
1080	1520
1081	1522
1082	1523
1083	1524
1084	1527
1085	1528
1086	1532
1087	1538
1088	1539
1089	1541
1090	1542
1091	1545
1092	1547
1093	1548
1094	1552
1095	1553
1096	1554
1097	1555
1098	11438
1099	1558
1100	1561
1101	1562
1102	1564
1103	1565
1104	1566
1105	1568
1106	1569
1107	1572
1108	1576
1109	1577
1110	1578
1111	11482
1112	1581
1113	1582
1114	1584
1115	1586
1116	1587
1117	1588
1118	1589
1119	1590
1120	1594
1121	1596
1122	1598
1123	1601
1124	1602
1125	1606
1126	1608
1127	1610
1128	1611
1129	1612
1130	1613
1131	1616
1132	1617
1133	1618
1134	1619
1135	1620
1136	1621
1137	1623
1138	1624
1139	1629
1140	1630
1141	1631
1142	1636
1143	1638
1144	1643
1145	1645
1146	1646
1147	1647
1148	1648
1149	1653
1150	1657
1151	1661
1152	1665
1153	1666
1154	1667
1155	1668
1156	1669
1157	1670
1158	1672
1159	1673
1160	1675
1161	1677
1162	1680
1163	1681
1164	1682
1165	1688
1166	1689
1167	1690
1168	1691
1169	1693
1170	1694
1171	1697
1172	1700
1173	1701
1174	1702
1175	1703
1176	1704
1177	1706
1178	1707
1179	1709
1180	11718
1181	1712
1182	1713
1183	1716
1184	1718
1185	1719
1186	1720
1187	1722
1188	1724
1189	1726
1190	1727
1191	1732
1192	1733
1193	1734
1194	1735
1195	1736
1196	1737
1197	1743
1198	1749
1199	1750
1200	1751
1201	1753
1202	1755
1203	1758
1204	1759
1205	11831
1206	1763
1207	1764
1208	1768
1209	1772
1210	1775
1211	1776
1212	1780
1213	1783
1214	1784
1215	1785
1216	1786
1217	1787
1218	1789
1219	1790
1220	1793
1221	1794
1222	1797
1223	1798
1224	1802
1225	1804
1226	1808
1227	1812
1228	1815
1229	1816
1230	1817
1231	1818
1232	1819
1233	1820
1234	1821
1235	1823
1236	1825
1237	1826
1238	1828
1239	1829
1240	1830
1241	1831
1242	1836
1243	1837
1244	1839
1245	1840
1246	1841
1247	1842
1248	1844
1249	1846
1250	1848
1251	1851
1252	1854
1253	1855
1254	1862
1255	1869
1256	1873
1257	1874
1258	1877
1259	1878
1260	1881
1261	1883
1262	1886
1263	1888
1264	1889
1265	1896
1266	1898
1267	1899
1268	1904
1269	1906
1270	1909
1271	1913
1272	1914
1273	1915
1274	1916
1275	1922
1276	1926
1277	1927
1278	1928
1279	1929
1280	1933
1281	1935
1282	1940
1283	1943
1284	1944
1285	1945
1286	1947
1287	1951
1288	1952
1289	1956
1290	1964
1291	1966
1292	1969
1293	1971
1294	1974
1295	1975
1296	1979
1297	1980
1298	1981
1299	1984
1300	1990
1301	1997
1302	1998
1303	2001
1304	2002
1305	2003
1306	2010
1307	2012
1308	2014
1309	2015
1310	2018
1311	2019
1312	2021
1313	2024
1314	2027
1315	2028
1316	2030
1317	2036
1318	2037
1319	2038
1320	2039
1321	2043
1322	2044
1323	2045
1324	2046
1325	2051
1326	2052
1327	2057
1328	2059
1329	2061
1330	2063
1331	2067
1332	2070
1333	2072
1334	2073
1335	2074
1336	2075
1337	2078
1338	2081
1339	2082
1340	2089
1341	2093
1342	2094
1343	2097
1344	2099
1345	2103
1346	2106
1347	2107
1348	2108
1349	2109
1350	2111
1351	2113
1352	2117
1353	2128
1354	2130
1355	2131
1356	2135
1357	2141
1358	2144
1359	2145
1360	2147
1361	2148
1362	2149
1363	2155
1364	2161
1365	2166
1366	2170
1367	2172
1368	2173
1369	2174
1370	2176
1371	2177
1372	2179
1373	2184
1374	2185
1375	2188
1376	2191
1377	2192
1378	2193
1379	2201
1380	2202
1381	2203
1382	2207
1383	2209
1384	2214
1385	2215
1386	2218
1387	2219
1388	2220
1389	2222
1390	2228
1391	2231
1392	2233
1393	2235
1394	2239
1395	2242
1396	2248
1397	2249
1398	2261
1399	2262
1400	2264
1401	2265
1402	2266
1403	2279
1404	2284
1405	2290
1406	2292
1407	2293
1408	2295
1409	2298
1410	2299
1411	2303
1412	2313
1413	2314
1414	2315
1415	2325
1416	2332
1417	2333
1418	2338
1419	2345
1420	2350
1421	2352
1422	2356
1423	2359
1424	2364
1425	2365
1426	2374
1427	2376
1428	11832
1429	2380
1430	2394
1431	2398
1432	2400
1433	2402
1434	2408
1435	2409
1436	2412
1437	2413
1438	2415
1439	2421
1440	2425
1441	2427
1442	2429
1443	2434
1444	2437
1445	2438
1446	2442
1447	2447
1448	2453
1449	2455
1450	2456
1451	2457
1452	2464
1453	2474
1454	2477
1455	2478
1456	2483
1457	2485
1458	2492
1459	2494
1460	2496
1461	2497
1462	2501
1463	2504
1464	2508
1465	2517
1466	13358
1467	2523
1468	2525
1469	2526
1470	2527
1471	2528
1472	2529
1473	2530
1474	2531
1475	2532
1476	2540
1477	2544
1478	2545
1479	2552
1480	2555
1481	2560
1482	2563
1483	2564
1484	2565
1485	2566
1486	2570
1487	2575
1488	2576
1489	2578
1490	2582
1491	2583
1492	2585
1493	2586
1494	2589
1495	2596
1496	2598
1497	2599
1498	13500
1499	2601
1500	2604
1501	2606
1502	2621
1503	2623
1504	2624
1505	2629
1506	2631
1507	2636
1508	2637
1509	2639
1510	2640
1511	2641
1512	2643
1513	2646
1514	2652
1515	2655
1516	2658
1517	2662
1518	2663
1519	2668
1520	2669
1521	2670
1522	2672
1523	2680
1524	2684
1525	2688
1526	2690
1527	2691
1528	2694
1529	2698
1530	2700
1531	2701
1532	2702
1533	2705
1534	2713
1535	2718
1536	2719
1537	2723
1538	2725
1539	2729
1540	2733
1541	2742
1542	2743
1543	2747
1544	2752
1545	2758
1546	2760
1547	2768
1548	2769
1549	2771
1550	2772
1551	2773
1552	2778
1553	2786
1554	2788
1555	2791
1556	2792
1557	2806
1558	2811
1559	2825
1560	2826
1561	2828
1562	2832
1563	2834
1564	2835
1565	2839
1566	2840
1567	2856
1568	2858
1569	9653
1570	2864
1571	2876
1572	2880
1573	2882
1574	2886
1575	2890
1576	2891
1577	2893
1578	2897
1579	2901
1580	2902
1581	2903
1582	2904
1583	2907
1584	2908
1585	2919
1586	2921
1587	2922
1588	2927
1589	2928
1590	2936
1591	2938
1592	2942
1593	2945
1594	2950
1595	2951
1596	2954
1597	2961
1598	2962
1599	2964
1600	2967
1601	2975
1602	2977
1603	2978
1604	2985
1605	2996
1606	3000
1607	14351
1608	3006
1609	3007
1610	3009
1611	3010
1612	3016
1613	3019
1614	3032
1615	3033
1616	3034
1617	3035
1618	3039
1619	3046
1620	3054
1621	3058
1622	3065
1623	3069
1624	3073
1625	3078
1626	3083
1627	3088
1628	3095
1629	3100
1630	3101
1631	3106
1632	3110
1633	3111
1634	14587
1635	3117
1636	3119
1637	3120
1638	3125
1639	14610
1640	3130
1641	3136
1642	3137
1643	3140
1644	3148
1645	3150
1646	3152
1647	3162
1648	3163
1649	3166
1650	3167
1651	3169
1652	3182
1653	3185
1654	3186
1655	3188
1656	3189
1657	3192
1658	3194
1659	3201
1660	3206
1661	3208
1662	3221
1663	3222
1664	3231
1665	3239
1666	3242
1667	3257
1668	9759
1669	3265
1670	3266
1671	3270
1672	3271
1673	3277
1674	3304
1675	3308
1676	3310
1677	3315
1678	3316
1679	3322
1680	3336
1681	3347
1682	3357
1683	3365
1684	3368
1685	3374
1686	3376
1687	3384
1688	3387
1689	3392
1690	3416
1691	3417
1692	3420
1693	3424
1694	3431
1695	3447
1696	3448
1697	3459
1698	3465
1699	3469
1700	3471
1701	3472
1702	3473
1703	3474
1704	3479
1705	3493
1706	3501
1707	3529
1708	3539
1709	3540
1710	3557
1711	3565
1712	3568
1713	3576
1714	3582
1715	3584
1716	3587
1717	3589
1718	3594
1719	3596
1720	3597
1721	3602
1722	3614
1723	3618
1724	3623
1725	3630
1726	3634
1727	3636
1728	3637
1729	3638
1730	3642
1731	3646
1732	3651
1733	3662
1734	3663
1735	3668
1736	3680
1737	3687
1738	3697
1739	3707
1740	3725
1741	3728
1742	3740
1743	9879
1744	3744
1745	3746
1746	3751
1747	3756
1748	3786
1749	3799
1750	3826
1751	3840
1752	3856
1753	3865
1754	3866
1755	3884
1756	3885
1757	3887
1758	3897
1759	3899
1760	3902
1761	3925
1762	3943
1763	3949
1764	3951
1765	3952
1766	3957
1767	3969
1768	3974
1769	3976
1770	3985
1771	3990
1772	3996
1773	4002
1774	4009
1775	4019
1776	4035
1777	4045
1778	4046
1779	4047
1780	4062
1781	4063
1782	4068
1783	4072
1784	4073
1785	4074
1786	4090
1787	4093
1788	4117
1789	4139
1790	4155
1791	4180
1792	4182
1793	4183
1794	4197
1795	4204
1796	4205
1797	4218
1798	4244
1799	4252
1800	4262
1801	4283
1802	4287
1803	4299
1804	4323
1805	4325
1806	4359
1807	4366
1808	4380
1809	4401
1810	4402
1811	4406
1812	4408
1813	4412
1814	4414
1815	4420
1816	4423
1817	4430
1818	4438
1819	4452
1820	4458
1821	4459
1822	4464
1823	4468
1824	4478
1825	4480
1826	4483
1827	4493
1828	4497
1829	4511
1830	4512
1831	4536
1832	4544
1833	4547
1834	4558
1835	4563
1836	4564
1837	4565
1838	4583
1839	4593
1840	4598
1841	18463
1842	4610
1843	4611
1844	4621
1845	4630
1846	4644
1847	4649
1848	4687
1849	4689
1850	4715
1851	4735
1852	4744
1853	4748
1854	4749
1855	4764
1856	4795
1857	4807
1858	4829
1859	4844
1860	4849
1861	4851
1862	4859
1863	4889
1864	4892
1865	4895
1866	10221
1867	4935
1868	4939
1869	4947
1870	4972
1871	4992
1872	5006
1873	5017
1874	5025
1875	5027
1876	5055
1877	5119
1878	5139
1879	5142
1880	5149
1881	5167
1882	12726
1883	5187
1884	5190
1885	5230
1886	5275
1887	5280
1888	5309
1889	5312
1890	5355
1891	5366
1892	5387
1893	5392
1894	5414
1895	5427
1896	5462
1897	5490
1898	5495
1899	5498
1900	5504
1901	5516
1902	5557
1903	5573
1904	5578
1905	5588
1906	5611
1907	5647
1908	5684
1909	5698
1910	5708
1911	5742
1912	5778
1913	5831
1914	5904
1915	5906
1916	5948
1917	5994
1918	5996
1919	6011
1920	6014
1921	6027
1922	6099
1923	6144
1924	6147
1925	6166
1926	6170
1927	6193
1928	6202
1929	6240
1930	6246
1931	6249
1932	6257
1933	6408
1934	6426
1935	6495
1936	6502
1937	6526
1938	6543
1939	6560
1940	6565
1941	6567
1942	10579
1943	6640
1944	6727
1945	6735
1946	6743
1947	6750
1948	6815
1949	6840
1950	6914
1951	6966
1952	6971
1953	6996
1954	7023
1955	7026
1956	7086
1957	7114
1958	7144
1959	7160
1960	7250
1961	7271
1962	7290
1963	7336
1964	7339
1965	7344
1966	7355
1967	7397
1968	7405
1969	7427
1970	7449
1971	7457
1972	7468
1973	7625
1974	7685
1975	7706
1976	7729
1977	7779
1978	7813
1979	7910
1980	7961
1981	8032
1982	8054
1983	8172
1984	8309
1985	8385
1986	8408
1987	8493
1988	10989
1989	8495
1990	8509
1991	8543
1992	8545
1993	8557
1994	8683
1995	8691
1996	8706
1997	8854
1998	8933
1999	8937
