0	17920
1	17922
2	17923
3	17925
4	17926
5	18445
6	18447
7	17937
8	17938
9	18435
10	18606
11	18454
12	17943
13	18460
14	17950
15	17953
16	17955
17	18472
18	18479
19	17968
20	18485
21	18488
22	17977
23	18491
24	17983
25	18506
26	18338
27	18511
28	18515
29	18007
30	18014
31	18527
32	18531
33	18022
34	18024
35	18538
36	18541
37	18030
38	18544
39	18033
40	17939
41	17525
42	18551
43	17530
44	17532
45	17533
46	18046
47	18189
48	18561
49	18562
50	17771
51	18053
52	17543
53	17545
54	17547
55	18574
56	18063
57	17553
58	18067
59	17556
60	17557
61	18074
62	18587
63	17566
64	18594
65	18026
66	18599
67	17576
68	18090
69	17701
70	18605
71	18094
72	17583
73	18608
74	17587
75	17588
76	18622
77	17603
78	17606
79	17609
80	18123
81	17613
82	17614
83	18128
84	18129
85	17618
86	17620
87	18650
88	18652
89	18654
90	18143
91	18150
92	18663
93	18664
94	18665
95	18160
96	18673
97	17617
98	18678
99	18680
100	17657
101	17658
102	18173
103	18389
104	18178
105	18180
106	18390
107	18182
108	18183
109	18184
110	17708
111	17538
112	17682
113	18132
114	18713
115	18202
116	17695
117	18720
118	18722
119	18725
120	17628
121	18218
122	17707
123	18732
124	18736
125	17713
126	18739
127	17716
128	18741
129	17719
130	18232
131	17722
132	17631
133	18748
134	17639
135	17728
136	18753
137	18756
138	18757
139	17735
140	18248
141	17738
142	17746
143	18259
144	17751
145	18274
146	17763
147	17764
148	18662
149	17770
150	18283
151	18285
152	17777
153	17780
154	18295
155	17785
156	18299
157	17788
158	18306
159	18309
160	18545
161	17802
162	17819
163	18335
164	17825
165	17826
166	17829
167	18161
168	17832
169	18247
170	18349
171	17736
172	18361
173	18362
174	17994
175	17854
176	18165
177	17858
178	17860
179	18375
180	18381
181	18382
182	17656
183	18387
184	17877
185	17878
186	18681
187	17881
188	17885
189	17892
190	17897
191	17898
192	18413
193	18415
194	17904
195	17905
196	18418
197	17910
198	17917
199	17919
200	11777
201	11266
202	9732
203	8876
204	11786
205	10251
206	9740
207	9743
208	8208
209	11793
210	10260
211	10261
212	8731
213	10269
214	8225
215	10789
216	8743
217	8747
218	12332
219	8750
220	11311
221	9266
222	11317
223	10808
224	10810
225	8251
226	11327
227	12352
228	10309
229	8263
230	9289
231	8269
232	8782
233	8271
234	11856
235	8785
236	8788
237	9814
238	8792
239	10340
240	11365
241	10769
242	8296
243	8811
244	8301
245	10267
246	10856
247	11383
248	8824
249	10363
250	11900
251	11902
252	8320
253	9861
254	11910
255	9863
256	8843
257	9868
258	8846
259	8847
260	9923
261	8852
262	11929
263	11930
264	11931
265	11888
266	10403
267	9380
268	11432
269	11948
270	9392
271	8370
272	10935
273	9913
274	8890
275	11451
276	8896
277	8385
278	9410
279	9411
280	8388
281	8901
282	9761
283	8392
284	8905
285	9418
286	11468
287	9421
288	9422
289	11725
290	10448
291	10961
292	8483
293	8404
294	10967
295	10816
296	9433
297	9935
298	8927
299	8417
300	9339
301	11328
302	12412
303	8426
304	10476
305	8943
306	12021
307	9513
308	8953
309	11003
310	12029
311	8446
312	11307
313	8965
314	8457
315	8141
316	9431
317	10886
318	10286
319	8983
320	10522
321	10523
322	11039
323	11043
324	8485
325	12236
326	11228
327	10290
328	10034
329	11574
330	8503
331	11487
332	11071
333	10563
334	8516
335	9031
336	11085
337	9550
338	11602
339	9955
340	10360
341	10586
342	10588
343	11613
344	8530
345	10088
346	10601
347	10090
348	9068
349	11117
350	12144
351	11124
352	11127
353	11641
354	9087
355	8577
356	8578
357	11657
358	9101
359	10126
360	11667
361	10135
362	11436
363	11673
364	11165
365	9636
366	10662
367	10155
368	8108
369	9150
370	11625
371	10691
372	10181
373	8137
374	9674
375	12235
376	10805
377	10189
378	9680
379	11729
380	8147
381	12110
382	10198
383	11739
384	10716
385	11744
386	10209
387	8163
388	12198
389	9191
390	10218
391	10219
392	8685
393	9198
394	8175
395	10228
396	11253
397	10230
398	10743
399	11773
400	3073
401	3075
402	2566
403	3079
404	3084
405	2061
406	3086
407	2579
408	2580
409	2070
410	2393
411	2585
412	2074
413	2588
414	3101
415	2078
416	2079
417	2081
418	2594
419	3109
420	2598
421	2599
422	3114
423	2093
424	2095
425	2610
426	2917
427	2616
428	2617
429	3132
430	2111
431	2624
432	2632
433	2060
434	2122
435	2636
436	3170
437	2638
438	2129
439	2648
440	2649
441	3167
442	2146
443	3172
444	2918
445	3174
446	2151
447	2154
448	3181
449	2158
450	2159
451	2161
452	2163
453	2676
454	3189
455	2933
456	2167
457	2170
458	3197
459	2686
460	3200
461	2690
462	3203
463	2182
464	2696
465	2185
466	2699
467	3212
468	2701
469	2190
470	2704
471	2708
472	2197
473	2198
474	3233
475	3236
476	2726
477	2727
478	3240
479	3241
480	2323
481	2229
482	3256
483	3103
484	3261
485	2751
486	2242
487	2243
488	2756
489	2678
490	2249
491	2771
492	2260
493	3178
494	2267
495	2275
496	2283
497	2797
498	2800
499	2289
500	2297
501	2301
502	2816
503	2820
504	2822
505	2823
506	2830
507	3117
508	2835
509	2836
510	2840
511	2331
512	2334
513	2850
514	2340
515	2857
516	2348
517	2864
518	2866
519	2355
520	2870
521	2361
522	2364
523	2365
524	2366
525	2882
526	2373
527	2375
528	2591
529	2889
530	2890
531	2893
532	2894
533	3213
534	2896
535	2897
536	2899
537	2389
538	2873
539	2905
540	2906
541	2912
542	2914
543	2405
544	2406
545	2407
546	2108
547	2923
548	2924
549	2925
550	2926
551	2932
552	2421
553	2423
554	2710
555	2953
556	2442
557	2447
558	2961
559	2962
560	2963
561	2964
562	2965
563	2456
564	2458
565	2461
566	2973
567	2979
568	2468
569	2469
570	2984
571	2985
572	2475
573	2479
574	2480
575	2995
576	2691
577	3002
578	3004
579	3009
580	3010
581	2507
582	2700
583	3022
584	3029
585	3030
586	3032
587	3035
588	2666
589	3066
590	2526
591	3041
592	3055
593	3059
594	3070
595	2552
596	2554
597	2557
598	2558
599	3071
600	3499
601	3590
602	7084
603	4108
604	4621
605	5135
606	7256
607	7187
608	6166
609	4125
610	7712
611	7716
612	6065
613	5298
614	6703
615	3632
616	3635
617	5129
618	7224
619	3643
620	4157
621	4682
622	7248
623	3670
624	6231
625	5720
626	4399
627	6750
628	4194
629	5732
630	7781
631	3687
632	7275
633	6253
634	6255
635	7471
636	6163
637	7288
638	7289
639	6778
640	7291
641	7806
642	7811
643	7813
644	6278
645	7815
646	6280
647	7817
648	4234
649	4747
650	7820
651	6040
652	7318
653	5783
654	4255
655	4257
656	3747
657	5461
658	7850
659	5809
660	6322
661	3763
662	4788
663	4279
664	3808
665	6334
666	3263
667	4288
668	6850
669	6851
670	6852
671	6859
672	6348
673	3280
674	6354
675	7459
676	3796
677	7118
678	5241
679	5852
680	7802
681	5139
682	7219
683	4323
684	3878
685	4840
686	3452
687	5866
688	6891
689	3308
690	6894
691	4848
692	7412
693	5365
694	6623
695	4343
696	7928
697	7931
698	7125
699	6400
700	7943
701	3854
702	3345
703	5394
704	5400
705	3866
706	4891
707	6431
708	3872
709	5409
710	6435
711	5414
712	7975
713	3831
714	6966
715	4404
716	5941
717	6454
718	6281
719	7481
720	5435
721	6975
722	5953
723	8002
724	3908
725	4406
726	3403
727	3918
728	7053
729	6482
730	8078
731	3927
732	4443
733	3301
734	7483
735	7016
736	4969
737	5484
738	4461
739	6511
740	3442
741	6218
742	7913
743	7547
744	4476
745	5354
746	4478
747	5525
748	7040
749	7553
750	3458
751	3971
752	5000
753	6636
754	4492
755	6466
756	3982
757	6031
758	7056
759	6545
760	3475
761	5013
762	4504
763	6558
764	7589
765	7592
766	6057
767	5547
768	7596
769	3505
770	5048
771	4026
772	5051
773	4029
774	7925
775	5568
776	4550
777	5064
778	4555
779	4557
780	6606
781	3535
782	7634
783	4564
784	4053
785	6614
786	5086
787	6111
788	7649
789	5095
790	5098
791	6635
792	5100
793	7150
794	7663
795	5619
796	5112
797	5116
798	7165
799	5119
800	14848
801	16385
802	15365
803	15366
804	16903
805	13832
806	13833
807	15882
808	13836
809	12616
810	14350
811	17427
812	17433
813	13850
814	14878
815	15392
816	12806
817	16049
818	15400
819	14684
820	15538
821	16942
822	12637
823	16432
824	15409
825	13875
826	14391
827	16442
828	16444
829	17477
830	16447
831	14402
832	13893
833	14406
834	12871
835	15432
836	12812
837	15947
838	13388
839	16977
840	12885
841	16986
842	12896
843	13409
844	16778
845	12841
846	14952
847	16489
848	16492
849	17010
850	14528
851	12932
852	13865
853	17031
854	16968
855	13450
856	16663
857	12944
858	17048
859	15002
860	15003
861	17052
862	16029
863	17060
864	16038
865	13992
866	13481
867	13482
868	17351
869	12977
870	17074
871	14518
872	17083
873	16061
874	15551
875	14016
876	16578
877	14022
878	15669
879	16247
880	16590
881	16087
882	14711
883	15141
884	16251
885	16252
886	13038
887	14376
888	15727
889	14580
890	14069
891	14583
892	13050
893	14588
894	15613
895	16130
896	16054
897	13015
898	13070
899	12563
900	17174
901	15127
902	14107
903	16773
904	14625
905	14627
906	12711
907	17190
908	13096
909	16681
910	16683
911	14124
912	16177
913	15666
914	13564
915	16697
916	15583
917	13117
918	13109
919	15168
920	16193
921	13718
922	15687
923	15688
924	12623
925	13653
926	14167
927	14681
928	15195
929	15196
930	17245
931	16222
932	16225
933	13152
934	14177
935	12643
936	13158
937	14696
938	12649
939	14700
940	13167
941	13169
942	16754
943	14199
944	13447
945	14911
946	12668
947	13181
948	13697
949	15237
950	13921
951	13191
952	16266
953	17291
954	15245
955	17298
956	13141
957	16943
958	14747
959	16796
960	13978
961	15263
962	14754
963	16291
964	16805
965	16295
966	16296
967	15516
968	17326
969	14769
970	16165
971	13245
972	12737
973	16459
974	13313
975	14789
976	14278
977	13767
978	14412
979	13730
980	15310
981	17287
982	15318
983	12759
984	12761
985	12762
986	13277
987	17375
988	12769
989	14307
990	14820
991	15356
992	15851
993	14828
994	13806
995	14077
996	17396
997	12792
998	13820
999	13397
1000	512
1001	515
1002	1032
1003	1035
1004	1038
1005	1453
1006	1040
1007	1555
1008	534
1009	1048
1010	538
1011	30
1012	1568
1013	1712
1014	36
1015	551
1016	348
1017	1066
1018	1584
1019	562
1020	1080
1021	1081
1022	1595
1023	1084
1024	578
1025	1605
1026	1606
1027	582
1028	1101
1029	1619
1030	1621
1031	598
1032	87
1033	1111
1034	608
1035	97
1036	1123
1037	1639
1038	1131
1039	620
1040	622
1041	113
1042	1138
1043	531
1044	1652
1045	1385
1046	632
1047	123
1048	1662
1049	132
1050	1669
1051	1670
1052	1671
1053	236
1054	1676
1055	653
1056	654
1057	656
1058	536
1059	1172
1060	150
1061	1689
1062	1178
1063	1180
1064	157
1065	159
1066	1184
1067	966
1068	681
1069	682
1070	114
1071	688
1072	692
1073	1208
1074	1209
1075	1222
1076	1224
1077	1226
1078	1655
1079	1746
1080	1749
1081	734
1082	1760
1083	1761
1084	1250
1085	740
1086	741
1087	1254
1088	860
1089	234
1090	748
1091	466
1092	1774
1093	99
1094	756
1095	1150
1096	1784
1097	1785
1098	42
1099	766
1100	768
1101	261
1102	1798
1103	1800
1104	269
1105	782
1106	271
1107	276
1108	1817
1109	572
1110	1329
1111	820
1112	309
1113	905
1114	1338
1115	315
1116	1845
1117	1248
1118	834
1119	325
1120	1505
1121	1165
1122	568
1123	1368
1124	1882
1125	1884
1126	1373
1127	2021
1128	1889
1129	354
1130	1891
1131	870
1132	1596
1133	1898
1134	1900
1135	1901
1136	882
1137	1399
1138	889
1139	890
1140	379
1141	1405
1142	387
1143	1924
1144	901
1145	1928
1146	1417
1147	397
1148	910
1149	399
1150	1426
1151	407
1152	1258
1153	923
1154	925
1155	419
1156	1956
1157	1957
1158	1964
1159	1965
1160	1693
1161	628
1162	437
1163	1978
1164	955
1165	959
1166	960
1167	160
1168	452
1169	1478
1170	1480
1171	1482
1172	1483
1173	2027
1174	465
1175	1490
1176	931
1177	1495
1178	474
1179	335
1180	1502
1181	993
1182	994
1183	2020
1184	1509
1185	2022
1186	488
1187	489
1188	1514
1189	491
1190	492
1191	1007
1192	1010
1193	1012
1194	501
1195	2039
1196	506
1197	1858
1198	1021
1199	597
