0	2
1	3
2	4
3	5
4	6
5	7
6	8
7	9
8	10
9	11
10	12
11	13
12	14
13	15
14	16
15	17
16	18
17	19
18	20
19	21
20	22
21	23
22	24
23	25
24	26
25	27
26	28
27	29
28	30
29	31
30	32
31	33
32	34
33	35
34	36
35	37
36	38
37	39
38	40
39	41
40	42
41	43
42	44
43	45
44	46
45	47
46	48
47	49
48	50
49	51
50	52
51	53
52	54
53	55
54	56
55	57
56	58
57	59
58	60
59	61
60	62
61	63
62	64
63	65
64	66
65	67
66	68
67	69
68	70
69	71
70	72
71	73
72	74
73	75
74	76
75	77
76	78
77	79
78	80
79	81
80	82
81	83
82	84
83	85
84	86
85	87
86	88
87	89
88	90
89	91
90	92
91	93
92	94
93	95
94	96
95	97
96	98
97	99
98	100
99	101
100	102
101	103
102	104
103	105
104	106
105	107
106	108
107	109
108	110
109	111
110	112
111	113
112	114
113	115
114	116
115	117
116	118
117	119
118	120
119	121
120	122
121	123
122	124
123	125
124	126
125	127
126	128
127	129
128	130
129	131
130	132
131	133
132	134
133	135
134	136
135	137
136	138
137	139
138	140
139	141
140	142
141	143
142	144
143	145
144	146
145	147
146	148
147	149
148	150
149	151
150	152
151	153
152	154
153	155
154	156
155	157
156	158
157	159
158	160
159	161
160	162
161	163
162	164
163	165
164	166
165	167
166	168
167	170
168	171
169	172
170	173
171	174
172	175
173	176
174	178
175	179
176	180
177	181
178	182
179	183
180	184
181	185
182	186
183	187
184	188
185	189
186	190
187	191
188	192
189	194
190	196
191	198
192	199
193	200
194	202
195	203
196	204
197	205
198	207
199	209
200	210
201	211
202	212
203	213
204	214
205	215
206	216
207	219
208	220
209	221
210	222
211	223
212	224
213	226
214	227
215	229
216	230
217	231
218	232
219	233
220	235
221	236
222	237
223	238
224	239
225	240
226	241
227	242
228	243
229	244
230	245
231	246
232	247
233	249
234	250
235	251
236	253
237	254
238	255
239	256
240	257
241	258
242	259
243	260
244	261
245	262
246	263
247	264
248	265
249	266
250	267
251	269
252	270
253	271
254	272
255	273
256	274
257	276
258	277
259	278
260	279
261	280
262	281
263	283
264	284
265	285
266	286
267	287
268	288
269	289
270	290
271	292
272	294
273	295
274	296
275	298
276	299
277	300
278	301
279	302
280	303
281	304
282	305
283	306
284	307
285	308
286	309
287	310
288	311
289	312
290	313
291	314
292	315
293	316
294	317
295	318
296	319
297	320
298	321
299	322
300	323
301	325
302	326
303	327
304	328
305	329
306	330
307	331
308	332
309	333
310	334
311	335
312	336
313	337
314	338
315	339
316	340
317	342
318	343
319	344
320	345
321	346
322	347
323	348
324	349
325	350
326	351
327	352
328	353
329	355
330	356
331	357
332	358
333	359
334	360
335	361
336	363
337	364
338	367
339	368
340	369
341	370
342	372
343	374
344	375
345	376
346	378
347	379
348	380
349	381
350	382
351	383
352	384
353	385
354	386
355	387
356	388
357	390
358	392
359	393
360	394
361	395
362	396
363	397
364	401
365	402
366	403
367	404
368	405
369	406
370	407
371	409
372	410
373	411
374	412
375	413
376	415
377	416
378	417
379	418
380	419
381	420
382	421
383	422
384	423
385	424
386	425
387	426
388	427
389	428
390	9733
391	430
392	431
393	432
394	9743
395	435
396	436
397	437
398	438
399	439
400	440
401	441
402	442
403	443
404	444
405	445
406	446
407	447
408	448
409	449
410	450
411	452
412	453
413	454
414	455
415	456
416	457
417	459
418	460
419	462
420	463
421	465
422	466
423	467
424	468
425	469
426	470
427	471
428	472
429	473
430	474
431	475
432	476
433	478
434	479
435	480
436	481
437	482
438	483
439	484
440	485
441	486
442	487
443	488
444	489
445	491
446	492
447	493
448	494
449	495
450	496
451	497
452	498
453	500
454	501
455	502
456	503
457	504
458	505
459	508
460	509
461	9871
462	511
463	512
464	514
465	515
466	517
467	518
468	519
469	520
470	521
471	522
472	523
473	524
474	526
475	527
476	528
477	529
478	530
479	531
480	533
481	534
482	535
483	537
484	538
485	539
486	541
487	542
488	543
489	544
490	545
491	546
492	547
493	548
494	550
495	551
496	552
497	553
498	554
499	555
500	558
501	559
502	561
503	562
504	563
505	564
506	565
507	566
508	567
509	568
510	569
511	570
512	571
513	572
514	574
515	575
516	577
517	578
518	579
519	580
520	581
521	582
522	583
523	584
524	585
525	586
526	588
527	589
528	591
529	592
530	593
531	594
532	596
533	597
534	599
535	602
536	604
537	605
538	606
539	607
540	608
541	609
542	610
543	611
544	612
545	613
546	615
547	617
548	618
549	621
550	622
551	623
552	624
553	627
554	632
555	633
556	634
557	635
558	636
559	637
560	638
561	639
562	640
563	641
564	642
565	645
566	647
567	648
568	649
569	650
570	652
571	654
572	656
573	657
574	658
575	659
576	660
577	661
578	662
579	663
580	664
581	665
582	666
583	667
584	669
585	671
586	672
587	673
588	674
589	675
590	676
591	677
592	678
593	680
594	681
595	682
596	684
597	685
598	686
599	689
600	690
601	691
602	692
603	693
604	694
605	697
606	698
607	701
608	703
609	706
610	707
611	708
612	709
613	712
614	713
615	715
616	717
617	718
618	719
619	722
620	723
621	725
622	726
623	728
624	731
625	732
626	737
627	739
628	10236
629	741
630	742
631	744
632	747
633	748
634	749
635	750
636	751
637	752
638	753
639	754
640	757
641	758
642	759
643	760
644	761
645	762
646	763
647	764
648	765
649	766
650	767
651	769
652	772
653	773
654	774
655	775
656	777
657	781
658	783
659	784
660	785
661	787
662	788
663	789
664	791
665	792
666	793
667	794
668	796
669	797
670	798
671	800
672	801
673	802
674	803
675	804
676	806
677	807
678	811
679	812
680	813
681	814
682	816
683	817
684	818
685	819
686	820
687	821
688	826
689	827
690	828
691	831
692	833
693	834
694	835
695	836
696	837
697	840
698	841
699	842
700	843
701	845
702	846
703	10412
704	848
705	850
706	851
707	852
708	854
709	855
710	856
711	857
712	859
713	862
714	865
715	866
716	867
717	868
718	869
719	870
720	871
721	877
722	879
723	880
724	883
725	886
726	888
727	889
728	890
729	896
730	899
731	901
732	903
733	906
734	908
735	911
736	912
737	913
738	914
739	916
740	917
741	918
742	920
743	921
744	923
745	924
746	925
747	927
748	929
749	931
750	932
751	933
752	934
753	935
754	936
755	938
756	939
757	940
758	941
759	942
760	944
761	946
762	947
763	948
764	949
765	950
766	953
767	955
768	956
769	957
770	958
771	959
772	962
773	963
774	966
775	968
776	972
777	975
778	976
779	977
780	978
781	979
782	980
783	981
784	982
785	984
786	985
787	986
788	987
789	988
790	989
791	990
792	991
793	992
794	993
795	996
796	997
797	998
798	1000
799	1002
800	1003
801	1004
802	1007
803	1008
804	1009
805	1010
806	1011
807	10699
808	1018
809	1020
810	1022
811	1024
812	1025
813	1027
814	1029
815	1031
816	1034
817	1036
818	1037
819	1040
820	1041
821	1048
822	1050
823	1051
824	1053
825	1054
826	1056
827	1059
828	1060
829	1062
830	1063
831	1064
832	1065
833	1066
834	1067
835	1068
836	1069
837	1071
838	1072
839	1073
840	1075
841	1077
842	1078
843	1080
844	1082
845	1083
846	1084
847	1087
848	1088
849	1089
850	1090
851	1091
852	1092
853	1095
854	1096
855	1098
856	1099
857	1102
858	1103
859	1105
860	1107
861	1108
862	1109
863	1110
864	1114
865	1115
866	1116
867	1120
868	1121
869	1125
870	1126
871	1128
872	1129
873	1131
874	1132
875	1133
876	1134
877	1138
878	1140
879	1141
880	1142
881	1145
882	1146
883	1149
884	1150
885	1152
886	1154
887	1156
888	1158
889	1159
890	1160
891	1162
892	1163
893	1164
894	1165
895	1169
896	1170
897	1171
898	1173
899	1174
900	1176
901	1177
902	1179
903	1183
904	1185
905	1190
906	1191
907	1194
908	1195
909	1196
910	1201
911	1202
912	10980
913	1206
914	1207
915	1210
916	1211
917	1212
918	1213
919	1214
920	1215
921	1223
922	1226
923	1227
924	1230
925	1231
926	1232
927	1233
928	1237
929	1240
930	1244
931	1245
932	1246
933	1247
934	1249
935	1250
936	1252
937	1253
938	1254
939	1255
940	1257
941	1258
942	1261
943	1262
944	1263
945	1265
946	1266
947	1270
948	1272
949	1274
950	1277
951	1280
952	1281
953	1287
954	1288
955	1289
956	1292
957	1298
958	1300
959	1302
960	1303
961	1304
962	1305
963	1306
964	1308
965	1309
966	1313
967	1314
968	1315
969	1319
970	1321
971	1322
972	1325
973	1326
974	1327
975	1328
976	1329
977	1330
978	1331
979	1332
980	1333
981	1334
982	1335
983	1336
984	1338
985	1339
986	1340
987	1341
988	1342
989	1343
990	1345
991	1347
992	1348
993	1349
994	1352
995	1354
996	1357
997	1359
998	1361
999	1364
1000	1365
1001	1367
1002	1371
1003	1374
1004	1375
1005	1376
1006	1377
1007	1378
1008	1379
1009	1380
1010	1381
1011	1382
1012	1383
1013	1386
1014	1389
1015	1391
1016	1393
1017	1394
1018	1396
1019	1397
1020	1399
1021	1400
1022	1401
1023	1402
1024	1403
1025	1404
1026	1406
1027	1407
1028	1408
1029	1411
1030	1415
1031	1416
1032	1418
1033	11360
1034	1421
1035	1422
1036	1424
1037	1427
1038	1429
1039	1430
1040	1432
1041	1433
1042	1436
1043	1439
1044	1440
1045	1441
1046	1447
1047	1448
1048	1449
1049	1450
1050	1457
1051	1461
1052	1465
1053	1470
1054	1471
1055	1472
1056	1473
1057	1474
1058	1476
1059	1477
1060	1479
1061	1481
1062	1482
1063	1483
1064	1484
1065	9444
1066	1486
1067	1491
1068	1492
1069	1493
1070	1497
1071	1498
1072	1500
1073	1501
1074	1506
1075	1508
1076	1509
1077	1513
1078	1514
1079	1515
1080	1516
1081	1518
1082	1520
1083	1523
1084	1524
1085	1533
1086	1534
1087	1538
1088	1539
1089	1541
1090	1543
1091	1545
1092	1546
1093	1547
1094	1550
1095	11606
1096	1553
1097	1554
1098	1555
1099	1560
1100	1562
1101	1564
1102	11624
1103	1568
1104	1569
1105	1571
1106	1573
1107	1574
1108	1576
1109	1577
1110	1580
1111	1582
1112	1583
1113	1584
1114	1587
1115	1588
1116	1589
1117	1590
1118	1595
1119	1597
1120	1598
1121	1602
1122	1606
1123	1611
1124	1616
1125	1617
1126	1621
1127	1622
1128	1623
1129	1625
1130	1626
1131	1629
1132	1630
1133	1632
1134	1636
1135	1637
1136	1640
1137	1642
1138	1644
1139	1645
1140	1648
1141	1655
1142	1656
1143	1657
1144	1658
1145	1660
1146	1664
1147	1665
1148	1669
1149	1672
1150	1673
1151	1680
1152	1681
1153	1682
1154	1683
1155	1685
1156	1688
1157	1693
1158	1695
1159	1696
1160	1699
1161	1700
1162	1706
1163	1707
1164	1712
1165	1713
1166	1715
1167	1716
1168	1717
1169	1719
1170	1720
1171	1723
1172	1730
1173	1732
1174	1733
1175	1736
1176	1739
1177	1743
1178	1744
1179	1752
1180	1754
1181	1755
1182	1756
1183	1758
1184	1759
1185	1760
1186	1763
1187	1765
1188	1766
1189	1769
1190	1771
1191	1772
1192	1776
1193	1777
1194	1778
1195	1780
1196	1783
1197	1788
1198	1790
1199	1791
1200	1794
1201	1798
1202	1799
1203	1801
1204	1802
1205	1810
1206	1811
1207	1812
1208	1814
1209	1816
1210	1817
1211	1821
1212	12098
1213	1825
1214	1836
1215	1840
1216	1844
1217	1845
1218	1847
1219	1848
1220	1853
1221	1855
1222	1856
1223	1858
1224	1859
1225	1861
1226	1865
1227	1867
1228	1868
1229	1870
1230	1872
1231	1873
1232	1880
1233	1882
1234	1886
1235	1887
1236	1888
1237	1889
1238	1890
1239	1895
1240	1896
1241	1897
1242	1900
1243	1901
1244	1903
1245	1904
1246	1907
1247	1908
1248	1912
1249	1914
1250	1918
1251	1920
1252	1922
1253	1927
1254	12276
1255	1930
1256	1931
1257	1932
1258	1933
1259	1936
1260	1938
1261	1941
1262	1948
1263	1949
1264	1952
1265	1954
1266	1956
1267	1960
1268	1962
1269	1964
1270	1971
1271	1972
1272	1976
1273	1977
1274	1981
1275	1985
1276	1986
1277	1989
1278	1991
1279	1993
1280	1994
1281	1996
1282	2002
1283	2005
1284	2009
1285	2016
1286	2022
1287	2023
1288	2032
1289	2035
1290	2038
1291	2039
1292	2044
1293	2053
1294	2056
1295	2058
1296	2061
1297	2062
1298	2064
1299	2068
1300	2071
1301	2072
1302	2076
1303	2079
1304	2081
1305	2082
1306	2084
1307	2086
1308	2091
1309	2092
1310	2095
1311	2096
1312	2098
1313	2101
1314	2102
1315	2105
1316	2106
1317	2109
1318	2111
1319	2116
1320	2118
1321	2127
1322	2130
1323	2133
1324	2134
1325	2135
1326	2143
1327	2148
1328	9764
1329	2152
1330	2153
1331	2154
1332	2158
1333	2160
1334	2165
1335	2167
1336	2172
1337	2174
1338	2177
1339	2180
1340	2186
1341	2187
1342	2193
1343	2196
1344	2198
1345	2201
1346	2203
1347	2204
1348	2209
1349	2210
1350	2211
1351	2213
1352	2216
1353	2218
1354	2220
1355	2221
1356	2225
1357	2226
1358	2227
1359	2230
1360	2234
1361	2239
1362	2240
1363	2241
1364	2242
1365	2243
1366	2246
1367	2247
1368	2248
1369	2249
1370	2252
1371	2255
1372	2259
1373	2260
1374	2264
1375	2271
1376	2277
1377	2282
1378	2284
1379	2287
1380	2290
1381	2293
1382	2299
1383	2300
1384	2301
1385	2303
1386	2304
1387	2313
1388	13036
1389	2317
1390	2320
1391	2321
1392	2329
1393	2330
1394	2331
1395	2333
1396	2335
1397	2337
1398	2338
1399	2342
1400	2351
1401	2352
1402	2353
1403	2357
1404	2363
1405	2371
1406	2374
1407	2381
1408	2383
1409	2385
1410	2388
1411	2395
1412	2396
1413	2399
1414	2400
1415	2401
1416	2402
1417	2410
1418	2414
1419	2419
1420	2421
1421	2422
1422	2429
1423	2430
1424	2433
1425	2435
1426	2438
1427	2442
1428	2445
1429	2446
1430	2447
1431	2449
1432	2453
1433	2456
1434	2458
1435	2462
1436	2463
1437	2466
1438	2467
1439	2468
1440	2480
1441	2494
1442	2496
1443	2503
1444	2504
1445	2506
1446	2508
1447	2509
1448	2518
1449	2523
1450	2530
1451	2534
1452	2542
1453	2544
1454	2546
1455	2548
1456	2550
1457	2551
1458	13586
1459	2560
1460	2563
1461	2568
1462	2570
1463	2574
1464	2584
1465	2588
1466	2589
1467	2595
1468	2599
1469	2604
1470	2605
1471	2612
1472	2613
1473	2615
1474	2618
1475	2623
1476	2626
1477	2627
1478	2631
1479	2634
1480	2635
1481	2640
1482	2644
1483	2645
1484	2652
1485	2655
1486	2659
1487	2664
1488	2665
1489	2677
1490	2678
1491	2680
1492	2681
1493	2684
1494	2691
1495	2698
1496	2700
1497	2702
1498	2704
1499	2706
1500	2708
1501	2718
1502	2726
1503	2728
1504	2731
1505	2732
1506	2744
1507	2745
1508	2755
1509	2757
1510	2766
1511	2775
1512	2777
1513	2781
1514	2782
1515	2784
1516	2786
1517	2792
1518	2793
1519	2797
1520	2799
1521	2804
1522	2806
1523	2807
1524	2815
1525	2827
1526	2831
1527	2832
1528	2835
1529	2836
1530	2837
1531	2838
1532	2844
1533	2847
1534	2849
1535	2853
1536	9829
1537	2866
1538	2869
1539	2873
1540	2874
1541	2880
1542	2883
1543	2888
1544	2889
1545	2893
1546	2898
1547	2899
1548	2905
1549	2911
1550	2912
1551	2914
1552	2919
1553	2922
1554	2933
1555	2938
1556	2939
1557	2940
1558	2944
1559	2951
1560	2954
1561	2957
1562	2963
1563	2964
1564	2971
1565	2976
1566	2980
1567	2985
1568	2996
1569	2997
1570	2998
1571	3002
1572	3007
1573	3009
1574	3019
1575	3020
1576	3023
1577	3026
1578	3029
1579	3030
1580	3035
1581	3037
1582	3044
1583	9870
1584	3051
1585	3056
1586	3059
1587	3060
1588	3062
1589	3068
1590	3077
1591	3080
1592	3081
1593	3086
1594	3095
1595	3096
1596	3101
1597	3105
1598	3112
1599	3122
1600	3125
1601	3131
1602	3133
1603	3136
1604	3138
1605	3140
1606	3141
1607	3142
1608	3149
1609	3169
1610	3172
1611	3180
1612	3187
1613	3192
1614	3193
1615	3194
1616	3203
1617	3205
1618	3206
1619	3209
1620	3218
1621	3220
1622	3222
1623	3230
1624	3232
1625	3235
1626	9220
1627	3244
1628	3252
1629	3254
1630	3265
1631	3270
1632	3271
1633	3273
1634	3274
1635	3278
1636	15301
1637	3298
1638	3303
1639	9223
1640	3305
1641	3319
1642	3320
1643	3330
1644	3332
1645	3337
1646	3349
1647	3353
1648	3355
1649	3362
1650	3364
1651	3373
1652	3379
1653	3381
1654	3390
1655	15625
1656	3401
1657	3404
1658	3405
1659	3406
1660	3409
1661	3410
1662	3422
1663	3427
1664	3438
1665	3439
1666	3444
1667	3447
1668	3450
1669	3462
1670	3464
1671	3466
1672	3468
1673	3471
1674	15840
1675	3479
1676	3492
1677	3496
1678	3499
1679	3505
1680	3507
1681	3512
1682	3513
1683	3514
1684	3515
1685	3519
1686	3524
1687	3528
1688	3530
1689	3543
1690	3544
1691	3545
1692	3565
1693	3567
1694	3571
1695	3594
1696	3597
1697	3601
1698	3611
1699	3625
1700	3628
1701	9239
1702	3641
1703	3644
1704	3648
1705	3649
1706	3658
1707	3662
1708	3664
1709	3665
1710	3667
1711	3669
1712	3672
1713	3680
1714	3687
1715	3689
1716	3701
1717	3703
1718	3705
1719	3718
1720	3721
1721	3722
1722	3727
1723	3732
1724	3734
1725	3735
1726	3739
1727	3750
1728	3756
1729	3758
1730	3759
1731	3764
1732	3767
1733	3769
1734	3771
1735	3773
1736	3797
1737	3799
1738	3800
1739	3807
1740	3809
1741	3815
1742	3824
1743	3828
1744	3830
1745	3850
1746	3854
1747	3865
1748	3876
1749	3882
1750	3895
1751	3899
1752	3904
1753	3913
1754	3925
1755	3929
1756	3936
1757	3942
1758	3951
1759	3966
1760	3969
1761	3979
1762	3980
1763	3993
1764	3994
1765	4006
1766	4033
1767	4039
1768	4044
1769	4046
1770	4050
1771	4060
1772	4095
1773	4102
1774	4107
1775	4108
1776	4118
1777	4119
1778	4121
1779	4128
1780	4135
1781	4140
1782	4148
1783	4153
1784	4187
1785	4190
1786	4196
1787	4207
1788	4210
1789	4215
1790	4224
1791	4226
1792	4227
1793	4247
1794	4257
1795	4262
1796	4265
1797	4267
1798	4283
1799	4284
1800	4320
1801	4334
1802	4353
1803	4373
1804	4384
1805	4398
1806	4401
1807	4405
1808	4420
1809	4430
1810	4434
1811	4444
1812	4451
1813	4455
1814	4456
1815	4459
1816	4463
1817	4474
1818	4478
1819	4485
1820	4495
1821	4500
1822	4509
1823	4521
1824	4546
1825	4555
1826	4558
1827	4575
1828	4585
1829	4590
1830	4592
1831	4617
1832	4623
1833	4640
1834	4643
1835	4647
1836	4656
1837	4660
1838	4663
1839	4689
1840	4696
1841	4710
1842	4721
1843	4725
1844	19650
1845	4752
1846	4761
1847	4771
1848	4788
1849	4792
1850	4808
1851	4813
1852	4824
1853	4826
1854	4830
1855	4836
1856	4846
1857	4863
1858	4884
1859	4891
1860	4908
1861	4917
1862	4968
1863	4973
1864	4978
1865	5043
1866	5053
1867	5067
1868	5098
1869	5101
1870	5129
1871	5132
1872	5148
1873	5153
1874	5155
1875	5183
1876	5185
1877	5204
1878	5205
1879	5218
1880	5249
1881	5255
1882	5276
1883	5279
1884	5292
1885	5305
1886	5345
1887	5350
1888	5391
1889	5430
1890	5437
1891	5444
1892	5452
1893	5460
1894	5466
1895	5485
1896	5492
1897	5513
1898	5515
1899	5519
1900	5522
1901	5538
1902	5566
1903	5586
1904	5587
1905	5592
1906	5621
1907	5623
1908	5643
1909	5644
1910	5669
1911	5686
1912	5724
1913	5727
1914	5731
1915	5774
1916	5794
1917	5805
1918	5831
1919	5895
1920	5915
1921	5942
1922	5965
1923	5974
1924	5988
1925	5994
1926	5995
1927	6084
1928	6103
1929	6109
1930	6179
1931	6180
1932	6182
1933	6193
1934	6194
1935	6202
1936	6279
1937	6374
1938	6379
1939	6407
1940	6429
1941	6446
1942	6467
1943	6495
1944	6532
1945	6545
1946	6605
1947	6654
1948	6657
1949	6674
1950	6706
1951	6727
1952	6731
1953	6741
1954	6747
1955	6815
1956	6871
1957	6911
1958	6966
1959	7072
1960	7080
1961	7083
1962	7140
1963	7183
1964	7189
1965	7200
1966	7302
1967	7373
1968	7374
1969	7470
1970	7496
1971	7545
1972	7562
1973	7619
1974	7636
1975	7655
1976	7740
1977	7749
1978	7840
1979	7878
1980	7879
1981	7897
1982	7898
1983	7900
1984	7926
1985	7929
1986	7970
1987	7992
1988	8052
1989	8129
1990	8148
1991	8279
1992	8354
1993	8385
1994	8392
1995	11144
1996	8485
1997	11150
1998	8686
1999	8708
