0	2
1	3
2	4
3	5
4	6
5	7
6	8
7	9
8	10
9	11
10	12
11	13
12	14
13	15
14	16
15	17
16	18
17	19
18	20
19	21
20	22
21	23
22	24
23	25
24	26
25	27
26	28
27	29
28	30
29	31
30	32
31	33
32	34
33	35
34	36
35	37
36	38
37	39
38	40
39	41
40	42
41	43
42	44
43	45
44	46
45	47
46	48
47	49
48	50
49	51
50	52
51	53
52	54
53	55
54	56
55	57
56	58
57	59
58	60
59	61
60	62
61	63
62	64
63	65
64	66
65	67
66	68
67	69
68	70
69	71
70	72
71	73
72	74
73	75
74	76
75	77
76	78
77	79
78	80
79	81
80	82
81	83
82	84
83	85
84	86
85	87
86	88
87	89
88	90
89	91
90	92
91	93
92	94
93	97
94	98
95	99
96	100
97	101
98	102
99	103
100	104
101	105
102	106
103	107
104	108
105	109
106	110
107	111
108	112
109	113
110	114
111	116
112	117
113	118
114	119
115	120
116	121
117	122
118	123
119	124
120	125
121	126
122	127
123	129
124	130
125	132
126	133
127	134
128	135
129	136
130	137
131	138
132	139
133	140
134	141
135	142
136	143
137	144
138	145
139	146
140	147
141	148
142	149
143	150
144	151
145	152
146	153
147	154
148	155
149	156
150	157
151	158
152	159
153	160
154	161
155	162
156	163
157	164
158	165
159	166
160	167
161	168
162	169
163	170
164	171
165	172
166	173
167	174
168	175
169	176
170	177
171	178
172	179
173	180
174	181
175	183
176	184
177	185
178	186
179	187
180	188
181	189
182	191
183	192
184	193
185	194
186	195
187	196
188	197
189	198
190	199
191	200
192	202
193	203
194	205
195	206
196	207
197	208
198	209
199	210
200	211
201	212
202	213
203	214
204	215
205	216
206	217
207	218
208	219
209	220
210	221
211	223
212	224
213	225
214	226
215	227
216	228
217	229
218	230
219	231
220	233
221	234
222	236
223	237
224	238
225	239
226	240
227	241
228	242
229	243
230	244
231	245
232	246
233	247
234	248
235	250
236	251
237	252
238	254
239	255
240	256
241	257
242	258
243	259
244	260
245	261
246	262
247	263
248	264
249	265
250	266
251	267
252	268
253	269
254	270
255	271
256	272
257	273
258	274
259	275
260	276
261	277
262	278
263	279
264	280
265	282
266	284
267	285
268	287
269	288
270	289
271	290
272	291
273	293
274	294
275	295
276	296
277	297
278	298
279	299
280	300
281	301
282	302
283	9144
284	304
285	305
286	306
287	307
288	308
289	309
290	310
291	311
292	312
293	313
294	314
295	315
296	316
297	317
298	318
299	319
300	320
301	321
302	322
303	323
304	324
305	325
306	326
307	327
308	328
309	329
310	330
311	332
312	333
313	334
314	335
315	337
316	338
317	339
318	340
319	341
320	342
321	343
322	346
323	347
324	348
325	349
326	350
327	352
328	353
329	354
330	355
331	356
332	357
333	358
334	359
335	360
336	361
337	363
338	364
339	365
340	367
341	368
342	369
343	370
344	372
345	373
346	374
347	375
348	376
349	379
350	380
351	381
352	382
353	383
354	384
355	385
356	386
357	388
358	389
359	392
360	393
361	394
362	395
363	396
364	397
365	398
366	399
367	400
368	402
369	403
370	404
371	405
372	406
373	407
374	408
375	409
376	411
377	413
378	415
379	416
380	417
381	420
382	421
383	422
384	423
385	424
386	426
387	427
388	428
389	429
390	430
391	431
392	433
393	435
394	437
395	438
396	439
397	440
398	442
399	443
400	444
401	445
402	446
403	449
404	450
405	451
406	452
407	453
408	454
409	455
410	456
411	457
412	459
413	460
414	461
415	462
416	466
417	467
418	468
419	469
420	470
421	471
422	472
423	473
424	474
425	476
426	477
427	479
428	480
429	481
430	482
431	483
432	484
433	485
434	486
435	487
436	488
437	489
438	491
439	492
440	493
441	494
442	496
443	497
444	499
445	501
446	503
447	505
448	506
449	508
450	510
451	511
452	512
453	514
454	515
455	516
456	517
457	518
458	519
459	520
460	521
461	524
462	525
463	526
464	527
465	528
466	530
467	531
468	532
469	533
470	535
471	536
472	537
473	538
474	539
475	541
476	543
477	544
478	545
479	546
480	549
481	551
482	552
483	553
484	555
485	556
486	557
487	558
488	559
489	560
490	561
491	562
492	563
493	565
494	566
495	567
496	568
497	570
498	571
499	573
500	574
501	575
502	577
503	579
504	580
505	581
506	582
507	583
508	584
509	585
510	586
511	588
512	589
513	590
514	591
515	592
516	594
517	595
518	596
519	598
520	600
521	601
522	603
523	604
524	605
525	606
526	608
527	609
528	611
529	612
530	613
531	614
532	615
533	616
534	617
535	618
536	619
537	620
538	621
539	622
540	623
541	624
542	625
543	626
544	627
545	628
546	629
547	630
548	632
549	633
550	634
551	635
552	636
553	637
554	638
555	639
556	640
557	641
558	643
559	644
560	645
561	646
562	648
563	649
564	650
565	651
566	652
567	653
568	654
569	655
570	657
571	658
572	659
573	660
574	661
575	663
576	664
577	667
578	668
579	9238
580	670
581	671
582	672
583	673
584	674
585	675
586	676
587	678
588	680
589	682
590	683
591	684
592	10133
593	688
594	689
595	690
596	691
597	692
598	10149
599	694
600	695
601	697
602	698
603	700
604	701
605	702
606	704
607	705
608	706
609	707
610	708
611	709
612	710
613	712
614	713
615	714
616	715
617	716
618	717
619	718
620	719
621	720
622	721
623	722
624	723
625	724
626	726
627	727
628	728
629	730
630	732
631	733
632	734
633	735
634	736
635	737
636	738
637	739
638	740
639	742
640	743
641	744
642	745
643	747
644	748
645	750
646	754
647	755
648	756
649	757
650	759
651	760
652	763
653	764
654	765
655	766
656	767
657	768
658	769
659	770
660	771
661	772
662	773
663	774
664	776
665	777
666	781
667	782
668	783
669	784
670	785
671	786
672	788
673	789
674	790
675	791
676	792
677	793
678	794
679	796
680	799
681	800
682	802
683	803
684	804
685	805
686	807
687	808
688	809
689	811
690	813
691	815
692	816
693	817
694	818
695	819
696	820
697	821
698	822
699	824
700	827
701	833
702	835
703	836
704	837
705	838
706	839
707	840
708	841
709	842
710	843
711	844
712	846
713	847
714	848
715	849
716	850
717	851
718	852
719	853
720	855
721	856
722	857
723	859
724	861
725	862
726	863
727	864
728	866
729	867
730	869
731	870
732	872
733	875
734	876
735	877
736	878
737	879
738	880
739	881
740	882
741	883
742	885
743	10471
744	887
745	889
746	890
747	891
748	892
749	895
750	897
751	898
752	899
753	900
754	901
755	904
756	907
757	908
758	909
759	911
760	912
761	915
762	916
763	918
764	920
765	921
766	924
767	925
768	926
769	927
770	928
771	929
772	930
773	931
774	932
775	933
776	937
777	939
778	940
779	943
780	944
781	945
782	946
783	948
784	949
785	950
786	951
787	957
788	958
789	961
790	962
791	963
792	964
793	965
794	966
795	967
796	969
797	970
798	973
799	974
800	975
801	978
802	979
803	980
804	982
805	984
806	985
807	986
808	988
809	989
810	990
811	991
812	992
813	994
814	995
815	997
816	998
817	999
818	1000
819	1001
820	1002
821	1003
822	1005
823	1007
824	1009
825	1013
826	1014
827	1015
828	1016
829	1017
830	1020
831	1021
832	1022
833	1023
834	1024
835	1025
836	1026
837	1028
838	1029
839	1032
840	1034
841	1037
842	1038
843	1039
844	1040
845	1041
846	1043
847	1044
848	1045
849	1047
850	1049
851	1052
852	1053
853	1054
854	1056
855	1057
856	1059
857	1060
858	1063
859	1064
860	1065
861	1066
862	1068
863	1069
864	1072
865	1074
866	1076
867	1077
868	1078
869	1080
870	1082
871	1083
872	1087
873	1088
874	1089
875	1090
876	1092
877	1094
878	1096
879	1097
880	1099
881	1100
882	1101
883	1103
884	1105
885	1106
886	1109
887	1110
888	1112
889	1113
890	1114
891	1115
892	1116
893	1118
894	1124
895	1126
896	1127
897	1128
898	1129
899	1130
900	1132
901	1133
902	1135
903	1136
904	1137
905	1138
906	1139
907	1140
908	1142
909	1143
910	1145
911	1146
912	1147
913	1148
914	1151
915	1152
916	1154
917	1155
918	1157
919	1158
920	1160
921	1161
922	1165
923	1166
924	1167
925	1168
926	1170
927	1173
928	1176
929	1179
930	10947
931	1184
932	1185
933	1189
934	1190
935	1193
936	1195
937	1196
938	1202
939	1207
940	1210
941	1211
942	1212
943	1214
944	1215
945	1216
946	1218
947	1220
948	1222
949	1223
950	1227
951	1230
952	1232
953	1235
954	1236
955	1237
956	1239
957	1241
958	1243
959	1245
960	1247
961	1248
962	1249
963	1252
964	1255
965	1258
966	1260
967	1263
968	1264
969	1265
970	1266
971	1267
972	1268
973	1270
974	1271
975	1272
976	1274
977	1275
978	1277
979	1280
980	1281
981	1283
982	1285
983	1287
984	1291
985	1293
986	1298
987	1299
988	1302
989	1303
990	1305
991	1306
992	1308
993	1311
994	1312
995	1313
996	1317
997	1320
998	1324
999	1326
1000	1327
1001	1328
1002	1329
1003	1330
1004	1332
1005	1333
1006	1341
1007	1342
1008	1343
1009	1344
1010	1346
1011	1347
1012	1348
1013	1349
1014	1350
1015	1352
1016	1354
1017	11251
1018	1356
1019	1362
1020	1364
1021	1365
1022	1367
1023	1368
1024	1370
1025	1373
1026	1374
1027	1376
1028	1377
1029	1383
1030	1384
1031	1387
1032	1390
1033	1394
1034	1396
1035	1397
1036	1398
1037	1399
1038	1400
1039	1402
1040	1404
1041	1405
1042	1406
1043	1412
1044	1413
1045	1414
1046	1415
1047	1417
1048	1420
1049	1421
1050	1422
1051	1424
1052	1425
1053	1429
1054	1430
1055	1431
1056	1434
1057	1435
1058	1436
1059	1437
1060	1438
1061	1442
1062	1446
1063	1450
1064	1451
1065	1453
1066	1457
1067	1458
1068	1460
1069	1461
1070	1462
1071	1463
1072	9134
1073	1467
1074	1468
1075	1471
1076	1472
1077	1473
1078	1475
1079	1479
1080	1480
1081	1483
1082	1486
1083	1490
1084	1492
1085	1493
1086	1494
1087	1495
1088	1496
1089	1498
1090	1501
1091	1503
1092	1504
1093	1510
1094	1511
1095	1514
1096	1518
1097	1519
1098	1522
1099	1524
1100	1527
1101	1528
1102	1530
1103	11569
1104	1533
1105	1534
1106	1535
1107	1536
1108	1539
1109	1540
1110	1541
1111	1543
1112	1546
1113	1547
1114	1550
1115	1554
1116	1556
1117	1557
1118	1558
1119	1559
1120	1560
1121	1561
1122	1564
1123	1566
1124	1569
1125	1573
1126	1574
1127	1575
1128	1576
1129	1577
1130	1587
1131	1588
1132	1590
1133	1591
1134	1592
1135	1593
1136	1595
1137	1596
1138	1597
1139	1599
1140	1602
1141	1605
1142	1608
1143	1610
1144	1612
1145	1620
1146	1621
1147	1622
1148	1623
1149	1625
1150	1630
1151	1631
1152	1633
1153	1634
1154	1635
1155	1636
1156	1638
1157	11761
1158	1642
1159	1647
1160	1649
1161	1650
1162	1653
1163	1659
1164	1660
1165	1661
1166	1664
1167	1665
1168	1666
1169	1668
1170	1670
1171	1671
1172	1675
1173	1676
1174	1679
1175	1680
1176	1683
1177	1688
1178	1689
1179	1691
1180	1694
1181	1696
1182	1698
1183	1699
1184	1701
1185	1704
1186	1705
1187	1707
1188	1708
1189	1710
1190	1711
1191	1712
1192	1714
1193	1718
1194	1719
1195	1720
1196	1721
1197	1722
1198	1723
1199	1725
1200	1726
1201	1728
1202	1730
1203	1731
1204	1732
1205	1734
1206	1738
1207	1739
1208	1741
1209	1743
1210	1745
1211	1748
1212	1749
1213	1752
1214	1754
1215	1756
1216	1761
1217	1762
1218	1763
1219	1765
1220	1768
1221	1772
1222	1773
1223	1775
1224	1776
1225	1777
1226	1779
1227	1783
1228	1788
1229	1789
1230	1791
1231	1795
1232	1796
1233	1799
1234	1800
1235	1808
1236	1809
1237	1810
1238	1811
1239	1814
1240	1815
1241	1816
1242	1819
1243	1822
1244	1823
1245	1826
1246	1828
1247	1830
1248	1837
1249	1840
1250	1841
1251	1842
1252	1843
1253	1846
1254	1848
1255	1850
1256	1855
1257	1856
1258	1857
1259	1862
1260	1866
1261	1872
1262	1875
1263	1877
1264	1880
1265	1886
1266	1888
1267	1891
1268	1892
1269	1896
1270	1898
1271	1901
1272	1910
1273	1911
1274	1912
1275	1913
1276	1916
1277	1918
1278	1921
1279	1923
1280	1930
1281	1935
1282	1938
1283	1939
1284	1943
1285	1944
1286	1946
1287	1947
1288	1950
1289	1951
1290	1952
1291	1957
1292	1958
1293	1963
1294	1971
1295	1972
1296	1974
1297	1975
1298	1978
1299	1981
1300	1992
1301	1993
1302	1995
1303	1997
1304	1999
1305	2003
1306	2005
1307	2007
1308	2009
1309	2010
1310	2011
1311	2013
1312	2015
1313	2016
1314	2017
1315	2020
1316	2022
1317	2023
1318	2026
1319	2028
1320	2029
1321	2030
1322	2032
1323	2033
1324	2037
1325	2041
1326	2043
1327	2049
1328	2051
1329	2056
1330	2059
1331	2060
1332	2063
1333	2066
1334	2069
1335	2070
1336	2078
1337	2080
1338	2085
1339	2086
1340	2088
1341	2090
1342	2091
1343	2095
1344	2097
1345	2101
1346	2107
1347	2108
1348	2109
1349	2113
1350	2119
1351	2129
1352	2131
1353	2133
1354	2135
1355	2136
1356	2140
1357	2141
1358	2143
1359	2144
1360	12729
1361	2158
1362	2159
1363	2166
1364	2167
1365	2168
1366	2169
1367	2170
1368	2173
1369	2174
1370	2178
1371	2180
1372	2186
1373	2189
1374	2193
1375	2194
1376	2195
1377	2196
1378	2199
1379	2203
1380	2205
1381	2207
1382	2208
1383	2209
1384	2218
1385	2219
1386	2220
1387	2222
1388	2223
1389	2227
1390	2232
1391	2234
1392	2238
1393	2240
1394	12907
1395	2245
1396	2246
1397	2247
1398	2252
1399	2255
1400	2258
1401	2260
1402	2265
1403	12962
1404	2275
1405	2279
1406	2280
1407	9590
1408	2292
1409	2297
1410	2299
1411	2303
1412	2311
1413	2312
1414	2321
1415	2322
1416	2324
1417	2328
1418	2330
1419	2332
1420	2334
1421	2336
1422	2339
1423	2340
1424	2341
1425	2343
1426	2347
1427	2352
1428	2354
1429	2363
1430	2368
1431	2377
1432	2380
1433	2391
1434	2392
1435	2400
1436	2403
1437	2404
1438	2408
1439	2415
1440	2423
1441	2424
1442	2425
1443	2429
1444	2430
1445	2432
1446	2446
1447	2449
1448	2450
1449	13381
1450	2456
1451	2459
1452	2460
1453	2461
1454	2465
1455	2472
1456	2475
1457	2482
1458	2485
1459	2490
1460	2494
1461	2495
1462	2496
1463	2500
1464	2504
1465	2508
1466	2510
1467	2511
1468	2512
1469	2524
1470	2528
1471	2531
1472	2533
1473	2534
1474	2535
1475	2536
1476	2546
1477	2553
1478	2554
1479	2561
1480	2562
1481	2572
1482	2577
1483	2583
1484	2588
1485	2601
1486	2605
1487	2606
1488	2607
1489	2608
1490	2610
1491	2613
1492	2615
1493	2620
1494	2622
1495	2623
1496	2630
1497	2638
1498	13798
1499	2650
1500	2654
1501	2663
1502	2664
1503	2667
1504	2670
1505	2695
1506	2700
1507	2703
1508	2705
1509	2712
1510	2715
1511	9790
1512	2722
1513	2727
1514	2728
1515	2731
1516	13984
1517	2740
1518	2741
1519	2742
1520	2746
1521	2747
1522	2751
1523	2754
1524	2755
1525	2760
1526	2761
1527	2763
1528	2770
1529	2771
1530	2774
1531	2777
1532	2778
1533	2779
1534	2780
1535	2783
1536	2789
1537	2794
1538	2798
1539	2800
1540	2804
1541	2814
1542	2816
1543	2822
1544	2824
1545	2825
1546	2827
1547	2831
1548	2834
1549	2836
1550	14282
1551	2843
1552	2849
1553	2858
1554	2859
1555	2862
1556	2866
1557	2868
1558	2869
1559	2871
1560	2873
1561	2874
1562	2880
1563	2885
1564	2887
1565	2893
1566	2894
1567	2898
1568	2899
1569	2902
1570	2904
1571	2905
1572	2907
1573	2910
1574	2912
1575	2914
1576	2915
1577	2916
1578	2917
1579	2918
1580	2919
1581	2923
1582	2930
1583	2931
1584	2932
1585	2936
1586	2941
1587	2946
1588	2951
1589	2966
1590	2967
1591	2969
1592	2979
1593	2984
1594	3001
1595	3002
1596	3014
1597	3018
1598	3022
1599	3025
1600	3028
1601	3039
1602	3042
1603	3043
1604	3044
1605	3049
1606	3055
1607	3060
1608	3069
1609	3071
1610	3072
1611	3073
1612	3082
1613	3083
1614	3084
1615	3088
1616	3089
1617	3093
1618	3099
1619	3103
1620	3104
1621	3105
1622	3106
1623	3107
1624	3109
1625	3111
1626	3116
1627	3117
1628	3121
1629	3124
1630	3128
1631	3144
1632	3147
1633	3155
1634	3163
1635	3170
1636	3172
1637	9901
1638	3187
1639	3188
1640	3196
1641	3197
1642	3198
1643	3199
1644	3204
1645	3210
1646	3214
1647	3215
1648	3223
1649	3227
1650	3229
1651	3231
1652	3233
1653	3244
1654	3247
1655	3253
1656	3254
1657	3260
1658	3268
1659	3271
1660	3273
1661	3282
1662	3284
1663	3285
1664	3286
1665	3290
1666	3292
1667	3299
1668	3301
1669	3308
1670	3311
1671	3324
1672	3326
1673	3328
1674	3333
1675	3334
1676	3335
1677	3337
1678	3339
1679	3342
1680	3352
1681	3353
1682	3355
1683	3360
1684	3367
1685	3368
1686	3379
1687	3384
1688	3388
1689	3396
1690	3400
1691	3403
1692	3417
1693	3419
1694	3424
1695	3434
1696	3437
1697	3441
1698	3446
1699	3450
1700	3454
1701	3461
1702	3463
1703	3464
1704	3469
1705	3474
1706	3475
1707	3484
1708	3489
1709	3494
1710	3495
1711	3496
1712	3504
1713	3516
1714	3526
1715	3530
1716	3558
1717	3561
1718	3568
1719	3578
1720	3580
1721	3587
1722	3589
1723	3596
1724	3606
1725	3607
1726	3617
1727	3638
1728	3640
1729	3655
1730	3656
1731	3660
1732	3664
1733	3667
1734	3671
1735	3673
1736	10022
1737	3686
1738	3690
1739	3709
1740	3710
1741	3713
1742	3717
1743	3718
1744	3728
1745	3730
1746	3736
1747	3737
1748	3741
1749	3746
1750	3758
1751	3764
1752	3765
1753	3773
1754	3779
1755	3790
1756	3793
1757	3798
1758	3801
1759	3824
1760	3837
1761	3838
1762	3846
1763	3858
1764	3860
1765	3874
1766	3877
1767	3882
1768	3922
1769	3928
1770	3941
1771	3950
1772	3956
1773	3960
1774	3963
1775	3967
1776	3974
1777	3986
1778	3987
1779	4003
1780	4020
1781	4037
1782	4041
1783	4046
1784	4051
1785	4056
1786	4067
1787	4079
1788	4080
1789	4081
1790	4101
1791	4124
1792	4136
1793	4151
1794	4154
1795	4155
1796	4159
1797	4164
1798	4167
1799	4169
1800	4178
1801	4179
1802	4190
1803	4192
1804	4198
1805	4200
1806	4205
1807	4216
1808	4224
1809	4263
1810	4266
1811	4278
1812	4287
1813	4293
1814	4294
1815	9276
1816	4324
1817	4328
1818	4337
1819	4352
1820	4354
1821	4367
1822	4368
1823	4396
1824	4400
1825	4415
1826	10219
1827	4436
1828	4440
1829	4442
1830	4445
1831	4464
1832	4470
1833	4502
1834	4510
1835	4511
1836	4521
1837	4523
1838	4536
1839	4548
1840	4551
1841	4558
1842	4566
1843	4571
1844	4583
1845	4590
1846	4591
1847	9290
1848	4606
1849	10275
1850	4632
1851	4633
1852	4635
1853	4663
1854	4688
1855	4696
1856	4705
1857	4712
1858	4714
1859	4717
1860	4721
1861	4741
1862	4764
1863	4779
1864	4803
1865	4804
1866	4816
1867	4824
1868	4841
1869	4862
1870	4868
1871	4873
1872	4900
1873	4903
1874	4910
1875	4953
1876	4963
1877	4964
1878	4971
1879	4983
1880	5007
1881	5017
1882	5024
1883	5038
1884	5066
1885	5078
1886	5079
1887	5083
1888	5096
1889	5105
1890	5121
1891	5124
1892	5127
1893	5151
1894	5153
1895	5160
1896	5165
1897	5168
1898	5245
1899	5248
1900	5251
1901	5259
1902	5267
1903	5286
1904	5295
1905	5297
1906	5304
1907	5311
1908	5353
1909	5354
1910	5371
1911	5396
1912	5413
1913	5421
1914	5424
1915	5432
1916	5459
1917	5487
1918	5531
1919	5533
1920	5534
1921	5535
1922	5604
1923	10530
1924	5632
1925	5643
1926	5667
1927	5699
1928	5713
1929	5735
1930	5739
1931	5741
1932	10564
1933	5838
1934	5863
1935	5876
1936	5913
1937	5934
1938	5938
1939	5984
1940	6059
1941	6095
1942	6106
1943	6113
1944	6118
1945	6129
1946	6180
1947	6183
1948	6205
1949	6341
1950	6388
1951	6392
1952	6405
1953	6429
1954	6458
1955	6461
1956	6467
1957	6505
1958	6562
1959	6572
1960	6602
1961	6603
1962	6608
1963	6629
1964	6661
1965	6710
1966	6808
1967	6813
1968	6833
1969	6834
1970	6847
1971	6874
1972	6875
1973	6880
1974	6912
1975	6991
1976	9405
1977	7024
1978	7045
1979	7198
1980	7222
1981	7391
1982	7545
1983	7570
1984	7750
1985	7816
1986	7843
1987	7895
1988	9435
1989	7955
1990	7975
1991	8108
1992	11085
1993	8209
1994	8220
1995	8289
1996	8341
1997	8675
1998	11218
1999	8768
