0	2
1	3
2	4
3	5
4	6
5	7
6	8
7	9
8	10
9	11
10	12
11	13
12	14
13	15
14	16
15	17
16	18
17	19
18	20
19	21
20	22
21	23
22	24
23	25
24	26
25	27
26	28
27	29
28	30
29	31
30	32
31	33
32	34
33	35
34	36
35	37
36	38
37	39
38	40
39	41
40	42
41	43
42	44
43	45
44	46
45	47
46	48
47	49
48	50
49	51
50	52
51	53
52	54
53	55
54	56
55	57
56	58
57	59
58	60
59	61
60	62
61	63
62	64
63	65
64	66
65	67
66	68
67	69
68	70
69	71
70	72
71	73
72	74
73	75
74	76
75	77
76	78
77	79
78	80
79	81
80	82
81	83
82	84
83	85
84	86
85	87
86	88
87	90
88	91
89	92
90	93
91	94
92	95
93	96
94	97
95	98
96	99
97	100
98	101
99	102
100	103
101	104
102	106
103	107
104	108
105	109
106	110
107	111
108	112
109	113
110	114
111	115
112	116
113	117
114	118
115	119
116	120
117	121
118	122
119	123
120	125
121	126
122	127
123	128
124	129
125	130
126	131
127	132
128	133
129	134
130	135
131	136
132	137
133	138
134	139
135	140
136	141
137	142
138	144
139	145
140	146
141	147
142	148
143	150
144	151
145	152
146	153
147	154
148	155
149	156
150	157
151	158
152	159
153	160
154	161
155	162
156	163
157	164
158	165
159	166
160	167
161	168
162	169
163	170
164	171
165	172
166	173
167	174
168	175
169	177
170	178
171	179
172	180
173	181
174	183
175	184
176	185
177	186
178	188
179	189
180	190
181	192
182	193
183	194
184	195
185	196
186	197
187	199
188	200
189	201
190	202
191	203
192	204
193	206
194	208
195	209
196	210
197	211
198	212
199	213
200	214
201	215
202	216
203	217
204	218
205	219
206	220
207	221
208	222
209	223
210	224
211	225
212	226
213	227
214	228
215	229
216	230
217	232
218	233
219	234
220	235
221	236
222	237
223	238
224	239
225	240
226	241
227	242
228	243
229	244
230	245
231	246
232	247
233	248
234	249
235	250
236	251
237	252
238	253
239	254
240	255
241	256
242	257
243	258
244	259
245	260
246	261
247	262
248	264
249	265
250	266
251	267
252	268
253	269
254	270
255	271
256	273
257	274
258	275
259	277
260	278
261	279
262	280
263	281
264	282
265	283
266	284
267	285
268	286
269	287
270	288
271	289
272	290
273	291
274	292
275	293
276	294
277	296
278	298
279	299
280	300
281	301
282	302
283	303
284	304
285	305
286	306
287	307
288	308
289	309
290	310
291	311
292	312
293	314
294	315
295	316
296	317
297	319
298	321
299	322
300	323
301	324
302	325
303	326
304	327
305	328
306	329
307	330
308	332
309	333
310	334
311	335
312	336
313	337
314	338
315	339
316	341
317	342
318	343
319	344
320	345
321	346
322	347
323	348
324	349
325	350
326	351
327	355
328	356
329	357
330	358
331	359
332	360
333	361
334	362
335	363
336	364
337	365
338	367
339	368
340	369
341	370
342	371
343	372
344	373
345	374
346	376
347	377
348	378
349	379
350	380
351	382
352	383
353	384
354	385
355	386
356	387
357	388
358	389
359	390
360	393
361	394
362	395
363	396
364	398
365	399
366	400
367	401
368	402
369	403
370	404
371	405
372	406
373	407
374	408
375	409
376	410
377	411
378	412
379	413
380	414
381	415
382	416
383	417
384	418
385	419
386	420
387	421
388	423
389	424
390	425
391	426
392	427
393	431
394	432
395	433
396	435
397	437
398	438
399	440
400	441
401	442
402	443
403	446
404	447
405	448
406	449
407	450
408	451
409	452
410	454
411	455
412	456
413	457
414	458
415	461
416	462
417	463
418	464
419	465
420	466
421	467
422	468
423	9813
424	470
425	471
426	473
427	474
428	475
429	476
430	478
431	479
432	480
433	481
434	482
435	483
436	484
437	485
438	486
439	488
440	489
441	490
442	491
443	492
444	493
445	495
446	496
447	497
448	498
449	500
450	501
451	502
452	503
453	505
454	506
455	508
456	510
457	511
458	512
459	513
460	514
461	515
462	516
463	517
464	519
465	520
466	521
467	523
468	524
469	525
470	527
471	528
472	529
473	530
474	531
475	532
476	533
477	535
478	536
479	537
480	538
481	540
482	541
483	542
484	543
485	544
486	545
487	549
488	550
489	552
490	553
491	555
492	556
493	557
494	558
495	559
496	560
497	561
498	562
499	563
500	564
501	565
502	566
503	567
504	569
505	570
506	572
507	573
508	574
509	575
510	576
511	577
512	579
513	580
514	582
515	584
516	586
517	587
518	588
519	589
520	590
521	592
522	594
523	596
524	597
525	599
526	600
527	601
528	602
529	603
530	604
531	605
532	607
533	609
534	610
535	612
536	613
537	614
538	615
539	617
540	618
541	619
542	622
543	623
544	624
545	625
546	626
547	628
548	629
549	630
550	631
551	632
552	633
553	635
554	636
555	637
556	638
557	639
558	640
559	641
560	643
561	644
562	645
563	646
564	647
565	649
566	650
567	652
568	653
569	10090
570	655
571	656
572	657
573	659
574	663
575	664
576	665
577	666
578	667
579	668
580	670
581	671
582	672
583	673
584	674
585	675
586	677
587	679
588	680
589	683
590	684
591	685
592	686
593	687
594	689
595	690
596	692
597	693
598	695
599	696
600	697
601	700
602	701
603	702
604	703
605	704
606	705
607	706
608	707
609	708
610	710
611	711
612	712
613	715
614	718
615	719
616	720
617	721
618	722
619	723
620	724
621	725
622	727
623	728
624	730
625	731
626	732
627	733
628	734
629	735
630	736
631	737
632	738
633	739
634	740
635	741
636	743
637	744
638	746
639	9263
640	748
641	749
642	750
643	751
644	752
645	754
646	756
647	759
648	760
649	762
650	764
651	768
652	769
653	770
654	773
655	776
656	777
657	778
658	779
659	780
660	781
661	782
662	783
663	784
664	786
665	787
666	790
667	791
668	793
669	795
670	796
671	797
672	798
673	799
674	800
675	801
676	802
677	803
678	804
679	805
680	806
681	809
682	810
683	811
684	813
685	816
686	817
687	818
688	820
689	821
690	822
691	823
692	825
693	826
694	827
695	829
696	830
697	832
698	834
699	838
700	839
701	840
702	841
703	842
704	843
705	844
706	845
707	846
708	847
709	849
710	851
711	852
712	853
713	854
714	855
715	856
716	857
717	858
718	859
719	860
720	861
721	862
722	866
723	869
724	870
725	873
726	876
727	877
728	879
729	880
730	882
731	883
732	885
733	892
734	893
735	894
736	895
737	896
738	897
739	901
740	903
741	905
742	909
743	910
744	911
745	912
746	913
747	914
748	917
749	919
750	920
751	922
752	923
753	925
754	926
755	927
756	930
757	932
758	933
759	936
760	938
761	939
762	941
763	942
764	944
765	947
766	948
767	949
768	953
769	954
770	955
771	956
772	958
773	960
774	961
775	10595
776	963
777	964
778	965
779	966
780	967
781	969
782	970
783	971
784	972
785	975
786	976
787	977
788	979
789	982
790	984
791	987
792	988
793	990
794	991
795	992
796	994
797	997
798	998
799	999
800	1000
801	1001
802	1002
803	1005
804	1006
805	1008
806	1009
807	1012
808	1013
809	1014
810	1015
811	1016
812	1019
813	1021
814	1022
815	1023
816	1026
817	1027
818	1030
819	1033
820	1034
821	1035
822	1036
823	1037
824	1038
825	1039
826	1041
827	1042
828	1044
829	1045
830	1046
831	1047
832	1048
833	1049
834	1050
835	1054
836	1056
837	1058
838	1059
839	1062
840	1063
841	1064
842	1065
843	1068
844	1071
845	1073
846	1074
847	1075
848	1076
849	1079
850	1080
851	1081
852	1082
853	1083
854	1084
855	1085
856	1087
857	1089
858	1090
859	1096
860	1098
861	1099
862	1100
863	1101
864	1102
865	1104
866	1106
867	1107
868	1109
869	1110
870	1111
871	1112
872	1114
873	1115
874	1121
875	1122
876	1123
877	1124
878	1125
879	1127
880	1129
881	1130
882	1132
883	1133
884	1134
885	1137
886	1140
887	1141
888	1142
889	1144
890	1145
891	1146
892	1147
893	1149
894	1150
895	1152
896	1153
897	1154
898	1156
899	1158
900	1161
901	1162
902	1165
903	1168
904	1170
905	1171
906	1174
907	1175
908	1176
909	1179
910	1181
911	1182
912	1183
913	1184
914	1185
915	1186
916	1187
917	1188
918	1189
919	1190
920	1191
921	1192
922	1193
923	1196
924	1197
925	1199
926	1201
927	1203
928	1204
929	1208
930	1212
931	1214
932	1215
933	1217
934	1218
935	1221
936	1222
937	1223
938	1225
939	1226
940	1227
941	1228
942	1232
943	1233
944	1234
945	1237
946	1238
947	1241
948	1242
949	1244
950	1245
951	1246
952	1248
953	1249
954	1250
955	1251
956	1254
957	1258
958	1262
959	1263
960	1265
961	1269
962	1270
963	1271
964	1272
965	1274
966	1276
967	1277
968	1281
969	1285
970	1286
971	1287
972	1288
973	1289
974	1291
975	1295
976	1297
977	1298
978	1301
979	1302
980	1310
981	1311
982	1314
983	1315
984	1316
985	1317
986	1319
987	1320
988	9078
989	1323
990	1324
991	1330
992	1331
993	1332
994	1333
995	1335
996	1339
997	1340
998	1342
999	1346
1000	1350
1001	11244
1002	1353
1003	1354
1004	1355
1005	1359
1006	1363
1007	1364
1008	1367
1009	1369
1010	1370
1011	1371
1012	1373
1013	1374
1014	1375
1015	1376
1016	1377
1017	1378
1018	1379
1019	1380
1020	1385
1021	1386
1022	1389
1023	1392
1024	1396
1025	1397
1026	1400
1027	1404
1028	1408
1029	1409
1030	1412
1031	1414
1032	1416
1033	1419
1034	1429
1035	1430
1036	1432
1037	1433
1038	1434
1039	1438
1040	1440
1041	1446
1042	1447
1043	1450
1044	1452
1045	1453
1046	1458
1047	1459
1048	1461
1049	1463
1050	1465
1051	1469
1052	1470
1053	9079
1054	1472
1055	1473
1056	1474
1057	1477
1058	1479
1059	1480
1060	1481
1061	1482
1062	1485
1063	1486
1064	1487
1065	1490
1066	1491
1067	1495
1068	1496
1069	1497
1070	1498
1071	1499
1072	1501
1073	1504
1074	1507
1075	1508
1076	1512
1077	1513
1078	1514
1079	1515
1080	1517
1081	1519
1082	1520
1083	1521
1084	1529
1085	1534
1086	1535
1087	1542
1088	1545
1089	1547
1090	1549
1091	1550
1092	1551
1093	1553
1094	1554
1095	1555
1096	1556
1097	1557
1098	1558
1099	1559
1100	1560
1101	1561
1102	1563
1103	1568
1104	1570
1105	1571
1106	1576
1107	1580
1108	1581
1109	1588
1110	1589
1111	1592
1112	1595
1113	1596
1114	1598
1115	1599
1116	1600
1117	1601
1118	1606
1119	1610
1120	1611
1121	1612
1122	1615
1123	1616
1124	1618
1125	1623
1126	1624
1127	1628
1128	1631
1129	1632
1130	1634
1131	1636
1132	1639
1133	1641
1134	1642
1135	1643
1136	1646
1137	1648
1138	1650
1139	1652
1140	1656
1141	1662
1142	1664
1143	1666
1144	1667
1145	1670
1146	1671
1147	1673
1148	1674
1149	1675
1150	1678
1151	1684
1152	1685
1153	1686
1154	1689
1155	1690
1156	1691
1157	1694
1158	1695
1159	1696
1160	1699
1161	1700
1162	1702
1163	1703
1164	1709
1165	1712
1166	1725
1167	1735
1168	1740
1169	1743
1170	1747
1171	1748
1172	1750
1173	1751
1174	1755
1175	1758
1176	1759
1177	1761
1178	1762
1179	1763
1180	1766
1181	1767
1182	1768
1183	1769
1184	1777
1185	1779
1186	1781
1187	1782
1188	1786
1189	1788
1190	1790
1191	1792
1192	1795
1193	1798
1194	1801
1195	1803
1196	1807
1197	1808
1198	1811
1199	1813
1200	1814
1201	1816
1202	1817
1203	1820
1204	1821
1205	1822
1206	1823
1207	1830
1208	1833
1209	1835
1210	1838
1211	1839
1212	1845
1213	1846
1214	1848
1215	1851
1216	1852
1217	1853
1218	1854
1219	1855
1220	1857
1221	1861
1222	1862
1223	1863
1224	1864
1225	1865
1226	1866
1227	1873
1228	1876
1229	1877
1230	1878
1231	1880
1232	1881
1233	1888
1234	1893
1235	1894
1236	1895
1237	1896
1238	1901
1239	1904
1240	1908
1241	1910
1242	1911
1243	1912
1244	1915
1245	1916
1246	1917
1247	1921
1248	1927
1249	1934
1250	1935
1251	1936
1252	1938
1253	1939
1254	1943
1255	1944
1256	1948
1257	1951
1258	1958
1259	1959
1260	1960
1261	1961
1262	1973
1263	1974
1264	9158
1265	1977
1266	1979
1267	1983
1268	1984
1269	1986
1270	1989
1271	1990
1272	1991
1273	1994
1274	1997
1275	2002
1276	2009
1277	2010
1278	2011
1279	2012
1280	2014
1281	2016
1282	2020
1283	2026
1284	2031
1285	2032
1286	2038
1287	2046
1288	2049
1289	2051
1290	2052
1291	2055
1292	2057
1293	2058
1294	2065
1295	2066
1296	2075
1297	2076
1298	2077
1299	2078
1300	2079
1301	2080
1302	2084
1303	2085
1304	2087
1305	2088
1306	2089
1307	2092
1308	2097
1309	2098
1310	2099
1311	2101
1312	2105
1313	2108
1314	2109
1315	2113
1316	2115
1317	2116
1318	2119
1319	2120
1320	2123
1321	2125
1322	2130
1323	2132
1324	2138
1325	2140
1326	2141
1327	2143
1328	2151
1329	2152
1330	2154
1331	2156
1332	2157
1333	2161
1334	2166
1335	2167
1336	2170
1337	2174
1338	2177
1339	2179
1340	2184
1341	2187
1342	2188
1343	2189
1344	2190
1345	2194
1346	2195
1347	2199
1348	2205
1349	2210
1350	9638
1351	2214
1352	2219
1353	2220
1354	2223
1355	2225
1356	2228
1357	2229
1358	2233
1359	2236
1360	2238
1361	2241
1362	2245
1363	2246
1364	2247
1365	2249
1366	2250
1367	2251
1368	2253
1369	2254
1370	2263
1371	2267
1372	2270
1373	2272
1374	2275
1375	2276
1376	2283
1377	2284
1378	2286
1379	2289
1380	2291
1381	2292
1382	2303
1383	2304
1384	2305
1385	2306
1386	2308
1387	2310
1388	2314
1389	2315
1390	2318
1391	2325
1392	2327
1393	2328
1394	2329
1395	2333
1396	2334
1397	2337
1398	2342
1399	2344
1400	2346
1401	2349
1402	2355
1403	2358
1404	2362
1405	2367
1406	2368
1407	2373
1408	2378
1409	2384
1410	2385
1411	2389
1412	2391
1413	2394
1414	2397
1415	2399
1416	2403
1417	2404
1418	2408
1419	2409
1420	2420
1421	2421
1422	2437
1423	2446
1424	2453
1425	2459
1426	2461
1427	2463
1428	2466
1429	2467
1430	2470
1431	2473
1432	2478
1433	2479
1434	2480
1435	2481
1436	2483
1437	2490
1438	2494
1439	2509
1440	2511
1441	2515
1442	2517
1443	2518
1444	2519
1445	2520
1446	2521
1447	2530
1448	2531
1449	2534
1450	2540
1451	2542
1452	2544
1453	2545
1454	13580
1455	2557
1456	2565
1457	2568
1458	2571
1459	2573
1460	2574
1461	2584
1462	2586
1463	2588
1464	2589
1465	2602
1466	2609
1467	2610
1468	2611
1469	2612
1470	2615
1471	2617
1472	2623
1473	2624
1474	2633
1475	2640
1476	2642
1477	2644
1478	2645
1479	2649
1480	2651
1481	2653
1482	2662
1483	2663
1484	2670
1485	2685
1486	2688
1487	2692
1488	2695
1489	2701
1490	2707
1491	2711
1492	2712
1493	2713
1494	2719
1495	2722
1496	2723
1497	2724
1498	2725
1499	9191
1500	2727
1501	2729
1502	2730
1503	2732
1504	2736
1505	2739
1506	2740
1507	2742
1508	2743
1509	2746
1510	2747
1511	2749
1512	2761
1513	2763
1514	2768
1515	2772
1516	2781
1517	2783
1518	2784
1519	2802
1520	2809
1521	2814
1522	2822
1523	2825
1524	2827
1525	2832
1526	2834
1527	2835
1528	2837
1529	2841
1530	2850
1531	2852
1532	2864
1533	2867
1534	2868
1535	2889
1536	2890
1537	2892
1538	2898
1539	2899
1540	2901
1541	2904
1542	2905
1543	2910
1544	2911
1545	2912
1546	2925
1547	2926
1548	2931
1549	2934
1550	2935
1551	2937
1552	2938
1553	2941
1554	2949
1555	2951
1556	2952
1557	2953
1558	2955
1559	2958
1560	2960
1561	2964
1562	2965
1563	2970
1564	2971
1565	9853
1566	2976
1567	2977
1568	2980
1569	2983
1570	2984
1571	2991
1572	2996
1573	3002
1574	9860
1575	3015
1576	3016
1577	3019
1578	3026
1579	3034
1580	3039
1581	3042
1582	3046
1583	3047
1584	3050
1585	3051
1586	3052
1587	3053
1588	3054
1589	3057
1590	3058
1591	3064
1592	3065
1593	3068
1594	3070
1595	3077
1596	3078
1597	3082
1598	3084
1599	3088
1600	3091
1601	3100
1602	3102
1603	3109
1604	3118
1605	3126
1606	3136
1607	3138
1608	3149
1609	3153
1610	3156
1611	3159
1612	3161
1613	3164
1614	3165
1615	3169
1616	3170
1617	3171
1618	3174
1619	3177
1620	3183
1621	3195
1622	9908
1623	3226
1624	3233
1625	3249
1626	3252
1627	3255
1628	3264
1629	3268
1630	3269
1631	3271
1632	3278
1633	3281
1634	3285
1635	3288
1636	3291
1637	3292
1638	3293
1639	3295
1640	3302
1641	3306
1642	3310
1643	3311
1644	3325
1645	3327
1646	3328
1647	3336
1648	3351
1649	3361
1650	3366
1651	3367
1652	3368
1653	3373
1654	3390
1655	3404
1656	3410
1657	3411
1658	3418
1659	3421
1660	3424
1661	3425
1662	3430
1663	3434
1664	3437
1665	3439
1666	3447
1667	3463
1668	3470
1669	3483
1670	3486
1671	3488
1672	3495
1673	3499
1674	3506
1675	3516
1676	3523
1677	3526
1678	3529
1679	3533
1680	3536
1681	3544
1682	3546
1683	3551
1684	3553
1685	16057
1686	3561
1687	3567
1688	3573
1689	3579
1690	3593
1691	3603
1692	3607
1693	3608
1694	3609
1695	3610
1696	3613
1697	3624
1698	3627
1699	9239
1700	3644
1701	3647
1702	12355
1703	3663
1704	3664
1705	3678
1706	3681
1707	3688
1708	3697
1709	3705
1710	3717
1711	3722
1712	3727
1713	3730
1714	3757
1715	3769
1716	3774
1717	3792
1718	3802
1719	3805
1720	3816
1721	3824
1722	3828
1723	3830
1724	3833
1725	3838
1726	3854
1727	3858
1728	3860
1729	16944
1730	3869
1731	3872
1732	3885
1733	3899
1734	9520
1735	3967
1736	3977
1737	3998
1738	3999
1739	4018
1740	4023
1741	4037
1742	4066
1743	4067
1744	4076
1745	4079
1746	4080
1747	4083
1748	4093
1749	4101
1750	4103
1751	4108
1752	4123
1753	4125
1754	4136
1755	4141
1756	4148
1757	4159
1758	4163
1759	4165
1760	4170
1761	4177
1762	4181
1763	4189
1764	4190
1765	4205
1766	4207
1767	4218
1768	4219
1769	4220
1770	4222
1771	4241
1772	4243
1773	4249
1774	4251
1775	4256
1776	4259
1777	4268
1778	4273
1779	4276
1780	10192
1781	4292
1782	4293
1783	4294
1784	4295
1785	4300
1786	4304
1787	4310
1788	4311
1789	4317
1790	4325
1791	4326
1792	4331
1793	4334
1794	4339
1795	4341
1796	4345
1797	4348
1798	4362
1799	4367
1800	4375
1801	4403
1802	4443
1803	4458
1804	4467
1805	4474
1806	4475
1807	4478
1808	4484
1809	4487
1810	4494
1811	4507
1812	4508
1813	4510
1814	4512
1815	4537
1816	4543
1817	4549
1818	4559
1819	4598
1820	4599
1821	4601
1822	4610
1823	4613
1824	4616
1825	4619
1826	4630
1827	4640
1828	19322
1829	4673
1830	4678
1831	4690
1832	4701
1833	4702
1834	4708
1835	4716
1836	4727
1837	4728
1838	4733
1839	4740
1840	19679
1841	4802
1842	4808
1843	4809
1844	4812
1845	4816
1846	4844
1847	4867
1848	4869
1849	4896
1850	4902
1851	4911
1852	4926
1853	4927
1854	4938
1855	4949
1856	4974
1857	4998
1858	5000
1859	5004
1860	5010
1861	5015
1862	5035
1863	5085
1864	5088
1865	5093
1866	5098
1867	5106
1868	5142
1869	5190
1870	5198
1871	5200
1872	5218
1873	5228
1874	5256
1875	5295
1876	5302
1877	5336
1878	5368
1879	5370
1880	5387
1881	5388
1882	5423
1883	12962
1884	5544
1885	5554
1886	5555
1887	5557
1888	5558
1889	5562
1890	5579
1891	5581
1892	5605
1893	5624
1894	5638
1895	5640
1896	5647
1897	5668
1898	5678
1899	5695
1900	5702
1901	5709
1902	5741
1903	5768
1904	5839
1905	9345
1906	5856
1907	5859
1908	5873
1909	5903
1910	5909
1911	5919
1912	5924
1913	6032
1914	6034
1915	9358
1916	6039
1917	6068
1918	6095
1919	6108
1920	6111
1921	6120
1922	6121
1923	6157
1924	6258
1925	6305
1926	6315
1927	6330
1928	6344
1929	6369
1930	6379
1931	6384
1932	6387
1933	6409
1934	6435
1935	6487
1936	6497
1937	6537
1938	6542
1939	6551
1940	6556
1941	6571
1942	6583
1943	9386
1944	6671
1945	6677
1946	6682
1947	6700
1948	6779
1949	6814
1950	6851
1951	6859
1952	6886
1953	7046
1954	7159
1955	7192
1956	7263
1957	7276
1958	7346
1959	7395
1960	7438
1961	7440
1962	7513
1963	7517
1964	7526
1965	10950
1966	7590
1967	7674
1968	7709
1969	7715
1970	7749
1971	7780
1972	7820
1973	7843
1974	7879
1975	7882
1976	7905
1977	9878
1978	8020
1979	8135
1980	8159
1981	8170
1982	8206
1983	8223
1984	8228
1985	17316
1986	8303
1987	8320
1988	8386
1989	8395
1990	8443
1991	8481
1992	8559
1993	8609
1994	8638
1995	8684
1996	8733
1997	8855
1998	8931
1999	8951
