0	2
1	3
2	4
3	5
4	6
5	7
6	8
7	9
8	10
9	11
10	12
11	13
12	14
13	15
14	16
15	17
16	18
17	19
18	20
19	21
20	22
21	23
22	24
23	25
24	26
25	27
26	28
27	29
28	30
29	31
30	32
31	33
32	34
33	35
34	36
35	37
36	38
37	39
38	40
39	41
40	42
41	43
42	44
43	45
44	46
45	47
46	48
47	49
48	50
49	51
50	52
51	53
52	54
53	55
54	56
55	57
56	58
57	59
58	60
59	61
60	62
61	63
62	64
63	65
64	66
65	67
66	68
67	69
68	70
69	71
70	72
71	73
72	74
73	75
74	76
75	77
76	78
77	79
78	80
79	81
80	82
81	83
82	84
83	85
84	86
85	87
86	88
87	89
88	90
89	91
90	92
91	93
92	94
93	95
94	96
95	97
96	98
97	99
98	100
99	101
100	102
101	103
102	104
103	105
104	106
105	107
106	108
107	109
108	110
109	111
110	112
111	113
112	114
113	115
114	116
115	117
116	118
117	119
118	120
119	121
120	122
121	123
122	124
123	125
124	126
125	127
126	128
127	129
128	130
129	131
130	132
131	133
132	134
133	135
134	136
135	137
136	138
137	139
138	140
139	141
140	142
141	143
142	144
143	145
144	146
145	147
146	149
147	150
148	151
149	152
150	153
151	154
152	155
153	156
154	157
155	158
156	159
157	160
158	161
159	163
160	164
161	165
162	166
163	167
164	168
165	169
166	170
167	171
168	172
169	173
170	174
171	175
172	176
173	177
174	178
175	179
176	180
177	181
178	183
179	185
180	186
181	187
182	188
183	189
184	190
185	191
186	192
187	194
188	196
189	197
190	198
191	199
192	200
193	201
194	202
195	203
196	204
197	205
198	206
199	207
200	208
201	210
202	211
203	212
204	213
205	214
206	215
207	216
208	217
209	218
210	219
211	220
212	221
213	222
214	223
215	225
216	226
217	227
218	228
219	229
220	230
221	231
222	232
223	233
224	234
225	235
226	236
227	237
228	239
229	240
230	242
231	243
232	244
233	245
234	246
235	247
236	248
237	249
238	250
239	251
240	252
241	254
242	255
243	256
244	257
245	258
246	259
247	260
248	261
249	262
250	263
251	264
252	265
253	266
254	267
255	268
256	269
257	270
258	271
259	272
260	273
261	274
262	275
263	276
264	277
265	279
266	280
267	281
268	282
269	283
270	284
271	285
272	286
273	288
274	289
275	290
276	291
277	292
278	293
279	295
280	296
281	298
282	299
283	300
284	302
285	303
286	304
287	305
288	306
289	307
290	309
291	310
292	311
293	312
294	313
295	314
296	315
297	316
298	317
299	318
300	319
301	320
302	321
303	322
304	323
305	324
306	326
307	327
308	328
309	330
310	331
311	333
312	334
313	335
314	336
315	338
316	339
317	341
318	342
319	343
320	345
321	346
322	347
323	348
324	349
325	350
326	351
327	352
328	353
329	354
330	355
331	356
332	357
333	358
334	359
335	360
336	362
337	364
338	365
339	366
340	367
341	368
342	369
343	370
344	372
345	375
346	376
347	377
348	378
349	379
350	380
351	381
352	382
353	383
354	385
355	386
356	387
357	388
358	390
359	392
360	393
361	395
362	396
363	397
364	398
365	399
366	400
367	403
368	404
369	406
370	407
371	408
372	409
373	410
374	411
375	412
376	413
377	414
378	415
379	416
380	417
381	418
382	419
383	420
384	421
385	422
386	423
387	424
388	425
389	426
390	427
391	428
392	429
393	430
394	431
395	432
396	433
397	434
398	435
399	436
400	437
401	438
402	440
403	441
404	443
405	444
406	445
407	447
408	449
409	451
410	452
411	453
412	454
413	455
414	458
415	460
416	461
417	462
418	463
419	464
420	9161
421	466
422	467
423	468
424	469
425	470
426	472
427	473
428	474
429	475
430	478
431	480
432	481
433	483
434	484
435	485
436	486
437	487
438	488
439	489
440	490
441	491
442	493
443	494
444	495
445	496
446	497
447	498
448	499
449	500
450	501
451	502
452	503
453	504
454	507
455	508
456	510
457	511
458	512
459	515
460	516
461	517
462	518
463	519
464	520
465	521
466	522
467	523
468	524
469	526
470	528
471	530
472	531
473	532
474	533
475	535
476	536
477	538
478	539
479	540
480	541
481	543
482	544
483	545
484	546
485	547
486	548
487	549
488	551
489	552
490	555
491	556
492	559
493	560
494	562
495	564
496	566
497	567
498	568
499	569
500	570
501	571
502	573
503	574
504	576
505	577
506	578
507	579
508	582
509	583
510	584
511	585
512	589
513	590
514	591
515	592
516	593
517	594
518	595
519	596
520	598
521	601
522	603
523	604
524	605
525	607
526	608
527	609
528	610
529	612
530	614
531	615
532	616
533	617
534	618
535	619
536	620
537	621
538	622
539	623
540	624
541	625
542	628
543	629
544	630
545	632
546	633
547	634
548	636
549	637
550	638
551	639
552	642
553	643
554	644
555	645
556	646
557	647
558	648
559	650
560	651
561	652
562	653
563	654
564	655
565	656
566	657
567	658
568	659
569	662
570	664
571	667
572	668
573	669
574	670
575	672
576	673
577	675
578	676
579	677
580	678
581	679
582	681
583	682
584	683
585	686
586	687
587	690
588	691
589	692
590	693
591	694
592	695
593	697
594	698
595	699
596	701
597	702
598	704
599	705
600	706
601	707
602	709
603	710
604	711
605	713
606	714
607	715
608	717
609	719
610	720
611	721
612	722
613	724
614	725
615	726
616	727
617	728
618	729
619	731
620	732
621	733
622	734
623	735
624	736
625	738
626	739
627	740
628	741
629	742
630	743
631	744
632	745
633	746
634	751
635	752
636	753
637	754
638	755
639	756
640	757
641	761
642	762
643	763
644	764
645	765
646	768
647	769
648	770
649	773
650	774
651	776
652	777
653	778
654	779
655	780
656	781
657	784
658	786
659	788
660	789
661	790
662	791
663	792
664	793
665	794
666	795
667	797
668	800
669	801
670	802
671	803
672	804
673	805
674	806
675	808
676	809
677	810
678	811
679	812
680	813
681	814
682	816
683	817
684	818
685	819
686	820
687	822
688	823
689	825
690	827
691	828
692	829
693	831
694	832
695	833
696	834
697	835
698	836
699	837
700	838
701	839
702	840
703	841
704	842
705	845
706	846
707	850
708	851
709	852
710	855
711	856
712	859
713	860
714	861
715	862
716	863
717	864
718	867
719	870
720	871
721	872
722	874
723	875
724	876
725	878
726	879
727	880
728	881
729	882
730	884
731	10419
732	886
733	887
734	889
735	890
736	891
737	892
738	893
739	894
740	896
741	897
742	898
743	899
744	10455
745	9270
746	904
747	905
748	906
749	908
750	909
751	912
752	913
753	916
754	917
755	920
756	922
757	925
758	926
759	927
760	928
761	930
762	932
763	933
764	935
765	937
766	941
767	943
768	944
769	945
770	10522
771	948
772	949
773	951
774	952
775	955
776	956
777	957
778	960
779	962
780	964
781	965
782	966
783	967
784	968
785	970
786	971
787	975
788	976
789	978
790	979
791	980
792	981
793	982
794	983
795	984
796	985
797	988
798	989
799	991
800	992
801	993
802	994
803	995
804	996
805	999
806	1001
807	1002
808	1003
809	1005
810	1006
811	1007
812	1008
813	1009
814	1010
815	1011
816	1012
817	1013
818	1014
819	1016
820	1019
821	1021
822	1022
823	1023
824	1024
825	1025
826	1026
827	1027
828	1031
829	1032
830	1034
831	1035
832	1036
833	1037
834	1039
835	1040
836	1041
837	1043
838	1044
839	1045
840	1047
841	1048
842	1050
843	1052
844	1056
845	1057
846	1058
847	1059
848	1062
849	1063
850	1064
851	1065
852	1067
853	1068
854	1070
855	1071
856	1072
857	1075
858	1077
859	1078
860	1079
861	1080
862	1081
863	1083
864	1085
865	1086
866	1093
867	10796
868	1096
869	1098
870	1100
871	1101
872	1103
873	1104
874	1105
875	1106
876	1108
877	1109
878	1113
879	1114
880	1115
881	1116
882	1117
883	1119
884	1120
885	1121
886	1122
887	1124
888	1125
889	1131
890	1136
891	1138
892	1140
893	1141
894	10874
895	1147
896	1149
897	1150
898	1151
899	1152
900	1153
901	1154
902	1155
903	1157
904	1158
905	1159
906	1161
907	1164
908	1167
909	1168
910	1170
911	1172
912	1174
913	1175
914	1176
915	1177
916	1178
917	1179
918	1180
919	1183
920	1184
921	1185
922	1187
923	1188
924	1189
925	1191
926	1193
927	1202
928	1203
929	1204
930	1205
931	1206
932	1207
933	1211
934	1212
935	1215
936	1217
937	1219
938	1222
939	1223
940	1224
941	1227
942	1228
943	1229
944	1233
945	1235
946	1238
947	1239
948	1240
949	1241
950	1242
951	1243
952	1245
953	1246
954	1247
955	1252
956	1254
957	1257
958	1259
959	1260
960	1261
961	1264
962	1265
963	1266
964	1267
965	1269
966	1272
967	11090
968	1275
969	1277
970	1280
971	1282
972	1283
973	1284
974	1285
975	1287
976	1289
977	1290
978	1292
979	1296
980	1297
981	1300
982	1302
983	1304
984	1306
985	1307
986	1308
987	1309
988	1311
989	1312
990	1315
991	1318
992	1319
993	1321
994	1323
995	1324
996	1326
997	1327
998	1329
999	1331
1000	1333
1001	1336
1002	1338
1003	1340
1004	1344
1005	9092
1006	1347
1007	1354
1008	1355
1009	1357
1010	1359
1011	1360
1012	1361
1013	11275
1014	1365
1015	1366
1016	1372
1017	1375
1018	1380
1019	1384
1020	1386
1021	1387
1022	1388
1023	1393
1024	1394
1025	1397
1026	1403
1027	1404
1028	1407
1029	1409
1030	1412
1031	1416
1032	1419
1033	1420
1034	1421
1035	1422
1036	1424
1037	1425
1038	1427
1039	1428
1040	1429
1041	1430
1042	1431
1043	1435
1044	1436
1045	1437
1046	1438
1047	1443
1048	1445
1049	1446
1050	1448
1051	1451
1052	1452
1053	1454
1054	1456
1055	1459
1056	1462
1057	1465
1058	1466
1059	1467
1060	1468
1061	1470
1062	1471
1063	1472
1064	1474
1065	1475
1066	1478
1067	1480
1068	1482
1069	1485
1070	1489
1071	1492
1072	1495
1073	1496
1074	1499
1075	1500
1076	1501
1077	1503
1078	1506
1079	1507
1080	1509
1081	1510
1082	1512
1083	1514
1084	1518
1085	1536
1086	1538
1087	1539
1088	1543
1089	1544
1090	1546
1091	1547
1092	1549
1093	1555
1094	1557
1095	1561
1096	1562
1097	1565
1098	1567
1099	1570
1100	1574
1101	1575
1102	1576
1103	11664
1104	1578
1105	1579
1106	1580
1107	1581
1108	1586
1109	1588
1110	1589
1111	1590
1112	1591
1113	1596
1114	1597
1115	1601
1116	1602
1117	1606
1118	1607
1119	1608
1120	1609
1121	1611
1122	1612
1123	1617
1124	1620
1125	1626
1126	1627
1127	1628
1128	1629
1129	1632
1130	1633
1131	1637
1132	1638
1133	1640
1134	1643
1135	1645
1136	1648
1137	1650
1138	1651
1139	1653
1140	1654
1141	1656
1142	1660
1143	1661
1144	1662
1145	1663
1146	1665
1147	1666
1148	1670
1149	1672
1150	1675
1151	1678
1152	1682
1153	1685
1154	1686
1155	1688
1156	1689
1157	1691
1158	1692
1159	1693
1160	1697
1161	1698
1162	1699
1163	1702
1164	1703
1165	1704
1166	1706
1167	1707
1168	1709
1169	1710
1170	1711
1171	1714
1172	1715
1173	1716
1174	1718
1175	1720
1176	1721
1177	1722
1178	1724
1179	1727
1180	1730
1181	1733
1182	1735
1183	1736
1184	1737
1185	1739
1186	1740
1187	1746
1188	1752
1189	1754
1190	1755
1191	1756
1192	1757
1193	1758
1194	1759
1195	1760
1196	1761
1197	1762
1198	1764
1199	1766
1200	1767
1201	1770
1202	1771
1203	1773
1204	1774
1205	1776
1206	1778
1207	1781
1208	1785
1209	1787
1210	1791
1211	1793
1212	1795
1213	1796
1214	1798
1215	1799
1216	1802
1217	1805
1218	1809
1219	1811
1220	12113
1221	1816
1222	1817
1223	1818
1224	1825
1225	1826
1226	1827
1227	1828
1228	1829
1229	1831
1230	1832
1231	1833
1232	1839
1233	1844
1234	1846
1235	1847
1236	1848
1237	1851
1238	1855
1239	1859
1240	1862
1241	1865
1242	1866
1243	1867
1244	1870
1245	1874
1246	1875
1247	1879
1248	1883
1249	1884
1250	1888
1251	1890
1252	1891
1253	1893
1254	1896
1255	1897
1256	1899
1257	1905
1258	1907
1259	1908
1260	1911
1261	1912
1262	1913
1263	1915
1264	1916
1265	1917
1266	1919
1267	1920
1268	1921
1269	1928
1270	1929
1271	1930
1272	1932
1273	1945
1274	1946
1275	1947
1276	1948
1277	1951
1278	1953
1279	1957
1280	1958
1281	1961
1282	1964
1283	1967
1284	1968
1285	1971
1286	1972
1287	1973
1288	1977
1289	1978
1290	1982
1291	1983
1292	1987
1293	1989
1294	1992
1295	1994
1296	1997
1297	1998
1298	2001
1299	2002
1300	2005
1301	2011
1302	2013
1303	2014
1304	2015
1305	2017
1306	2018
1307	2020
1308	2021
1309	2022
1310	2023
1311	9557
1312	2026
1313	2027
1314	2028
1315	2029
1316	2030
1317	2031
1318	2033
1319	2037
1320	2040
1321	2043
1322	2046
1323	2047
1324	2050
1325	2051
1326	2053
1327	2055
1328	2058
1329	2061
1330	2063
1331	2067
1332	2068
1333	2069
1334	2070
1335	2071
1336	2074
1337	2075
1338	2081
1339	2082
1340	2085
1341	2087
1342	2089
1343	2090
1344	2092
1345	2100
1346	2102
1347	2105
1348	2109
1349	2110
1350	2111
1351	2114
1352	2121
1353	2123
1354	2124
1355	2125
1356	2130
1357	2135
1358	2139
1359	2141
1360	2142
1361	2143
1362	2145
1363	2147
1364	2148
1365	2149
1366	2150
1367	2153
1368	2157
1369	2158
1370	2161
1371	2170
1372	2171
1373	2172
1374	2177
1375	2183
1376	2186
1377	2191
1378	2193
1379	2200
1380	2201
1381	2203
1382	2206
1383	2211
1384	2212
1385	2216
1386	2217
1387	2225
1388	2226
1389	2230
1390	2236
1391	2237
1392	2238
1393	2240
1394	2251
1395	2252
1396	2255
1397	2258
1398	2259
1399	2262
1400	2263
1401	2264
1402	2265
1403	2267
1404	2269
1405	2273
1406	12003
1407	2276
1408	2280
1409	2282
1410	2283
1411	2287
1412	2288
1413	2295
1414	2302
1415	2311
1416	2315
1417	2318
1418	2319
1419	2322
1420	2323
1421	2328
1422	2329
1423	2330
1424	2332
1425	2333
1426	2335
1427	13213
1428	2348
1429	2357
1430	2358
1431	2359
1432	2360
1433	2364
1434	2374
1435	2378
1436	2380
1437	2384
1438	2385
1439	2388
1440	2396
1441	2404
1442	2406
1443	2407
1444	2410
1445	2411
1446	2412
1447	2414
1448	2415
1449	2418
1450	2420
1451	2426
1452	2436
1453	2441
1454	2450
1455	2454
1456	2455
1457	2462
1458	2463
1459	2464
1460	2475
1461	2476
1462	2482
1463	2484
1464	2488
1465	2492
1466	9673
1467	2501
1468	2502
1469	2504
1470	2505
1471	2526
1472	2529
1473	2530
1474	2532
1475	2535
1476	2539
1477	2546
1478	2553
1479	2554
1480	2555
1481	2559
1482	13678
1483	2564
1484	2572
1485	2578
1486	2585
1487	2587
1488	2590
1489	2594
1490	2599
1491	2602
1492	2604
1493	2610
1494	2612
1495	2619
1496	2630
1497	2640
1498	2646
1499	2651
1500	2656
1501	2657
1502	2663
1503	2669
1504	2677
1505	2682
1506	2688
1507	2691
1508	2692
1509	2698
1510	2702
1511	2707
1512	2709
1513	2711
1514	2715
1515	14030
1516	2719
1517	2729
1518	2732
1519	2736
1520	2741
1521	2742
1522	2743
1523	2751
1524	2754
1525	2760
1526	2761
1527	2766
1528	2767
1529	2780
1530	2785
1531	2791
1532	2800
1533	2803
1534	2804
1535	2806
1536	2808
1537	2812
1538	2815
1539	2824
1540	2826
1541	2847
1542	2856
1543	2859
1544	2860
1545	2865
1546	2869
1547	2873
1548	2877
1549	2891
1550	2892
1551	2896
1552	2898
1553	2900
1554	2908
1555	9173
1556	2911
1557	2912
1558	2919
1559	2921
1560	2925
1561	2927
1562	2932
1563	2933
1564	2936
1565	2937
1566	2938
1567	2939
1568	2942
1569	2945
1570	2958
1571	2960
1572	2972
1573	2975
1574	2977
1575	2988
1576	3001
1577	3006
1578	3015
1579	9819
1580	3020
1581	3021
1582	3029
1583	3036
1584	3047
1585	3053
1586	3056
1587	3057
1588	3058
1589	3062
1590	3064
1591	3075
1592	3076
1593	3077
1594	3085
1595	3087
1596	3088
1597	3089
1598	3091
1599	9185
1600	3094
1601	3095
1602	3110
1603	3114
1604	3118
1605	3121
1606	3122
1607	3125
1608	3130
1609	3131
1610	3134
1611	3139
1612	3147
1613	3152
1614	3153
1615	3159
1616	3164
1617	3167
1618	3168
1619	3173
1620	3180
1621	3181
1622	3188
1623	3195
1624	3196
1625	3207
1626	3209
1627	3228
1628	3231
1629	3232
1630	3240
1631	3246
1632	3250
1633	3252
1634	3255
1635	3261
1636	3263
1637	3265
1638	3266
1639	3274
1640	3295
1641	3299
1642	3302
1643	3306
1644	3309
1645	3311
1646	3314
1647	3334
1648	3335
1649	3339
1650	3342
1651	3348
1652	3351
1653	3360
1654	3367
1655	3370
1656	3372
1657	3377
1658	3385
1659	3386
1660	3388
1661	3391
1662	3393
1663	3395
1664	3396
1665	3402
1666	3419
1667	3425
1668	3428
1669	3435
1670	3444
1671	3446
1672	3448
1673	3451
1674	3454
1675	3456
1676	3458
1677	3460
1678	3464
1679	3467
1680	3474
1681	3484
1682	3494
1683	3502
1684	3508
1685	3511
1686	3515
1687	3530
1688	3540
1689	3558
1690	3559
1691	3563
1692	3580
1693	3582
1694	3587
1695	3597
1696	3600
1697	3602
1698	3603
1699	3605
1700	3620
1701	3621
1702	3629
1703	3633
1704	3640
1705	3645
1706	3661
1707	3664
1708	3666
1709	3674
1710	3677
1711	3685
1712	3686
1713	3694
1714	3695
1715	3702
1716	3714
1717	3715
1718	3723
1719	3726
1720	3730
1721	3741
1722	3754
1723	3755
1724	3756
1725	3769
1726	3773
1727	3776
1728	3779
1729	3790
1730	3797
1731	3800
1732	3822
1733	3823
1734	3824
1735	3826
1736	3830
1737	3832
1738	3834
1739	3841
1740	3849
1741	3852
1742	3853
1743	3859
1744	3861
1745	3879
1746	3880
1747	3881
1748	3897
1749	10048
1750	3910
1751	10051
1752	3961
1753	3977
1754	3979
1755	3983
1756	3999
1757	17532
1758	4008
1759	4010
1760	4016
1761	4028
1762	4029
1763	4031
1764	4033
1765	4034
1766	4037
1767	4041
1768	4043
1769	4051
1770	4053
1771	4077
1772	4078
1773	4086
1774	4087
1775	4099
1776	4123
1777	4144
1778	4161
1779	4165
1780	4186
1781	4198
1782	4214
1783	4217
1784	4218
1785	4222
1786	4229
1787	4248
1788	4251
1789	4255
1790	4270
1791	4275
1792	4278
1793	4296
1794	4303
1795	4309
1796	4311
1797	4316
1798	4324
1799	4332
1800	4333
1801	4343
1802	4349
1803	4355
1804	4358
1805	4405
1806	4418
1807	4426
1808	4453
1809	4463
1810	4467
1811	4471
1812	4472
1813	4476
1814	4479
1815	4492
1816	4525
1817	4532
1818	4543
1819	4569
1820	4575
1821	4606
1822	4613
1823	4615
1824	4617
1825	4623
1826	4630
1827	4633
1828	4641
1829	4642
1830	4644
1831	4645
1832	4648
1833	4652
1834	4656
1835	4666
1836	4682
1837	4687
1838	4702
1839	4718
1840	4733
1841	4743
1842	4744
1843	4762
1844	4764
1845	4775
1846	4782
1847	4792
1848	4794
1849	4811
1850	4838
1851	4840
1852	4847
1853	4849
1854	4861
1855	4864
1856	4874
1857	4878
1858	4890
1859	4893
1860	4896
1861	4899
1862	4923
1863	4933
1864	4937
1865	4945
1866	4950
1867	4967
1868	4968
1869	4981
1870	5030
1871	10331
1872	5037
1873	5090
1874	5118
1875	5124
1876	5140
1877	5152
1878	5176
1879	5180
1880	5187
1881	5190
1882	5194
1883	5209
1884	5214
1885	5245
1886	5261
1887	5268
1888	5284
1889	5317
1890	5318
1891	5363
1892	5366
1893	5368
1894	5369
1895	5371
1896	5393
1897	5395
1898	5400
1899	10147
1900	5449
1901	5458
1902	5486
1903	5517
1904	5533
1905	5534
1906	5556
1907	5568
1908	5572
1909	5602
1910	5683
1911	5726
1912	5742
1913	5767
1914	5773
1915	5780
1916	5835
1917	5866
1918	5875
1919	5885
1920	5890
1921	5907
1922	5923
1923	5965
1924	5978
1925	5988
1926	6001
1927	6027
1928	6033
1929	6090
1930	6102
1931	6110
1932	6181
1933	6199
1934	6228
1935	6257
1936	6342
1937	6368
1938	6378
1939	6379
1940	6397
1941	6415
1942	6427
1943	6454
1944	6472
1945	6490
1946	6540
1947	6603
1948	6634
1949	6669
1950	6670
1951	6678
1952	6694
1953	6699
1954	6707
1955	6714
1956	6757
1957	6787
1958	6800
1959	6917
1960	6967
1961	7012
1962	7032
1963	7082
1964	7099
1965	7148
1966	7217
1967	7261
1968	7285
1969	7305
1970	7315
1971	7325
1972	7370
1973	7388
1974	7431
1975	10934
1976	7439
1977	7456
1978	7458
1979	7491
1980	7554
1981	7573
1982	7606
1983	7697
1984	7721
1985	7749
1986	7823
1987	7864
1988	7909
1989	7954
1990	19641
1991	11052
1992	8081
1993	8099
1994	8287
1995	8324
1996	8597
1997	8803
1998	8850
1999	8993
