0	2
1	3
2	4
3	5
4	6
5	7
6	8
7	9
8	10
9	11
10	12
11	13
12	14
13	15
14	16
15	17
16	18
17	19
18	20
19	21
20	22
21	23
22	24
23	25
24	26
25	27
26	28
27	29
28	30
29	31
30	32
31	33
32	34
33	35
34	36
35	37
36	38
37	39
38	40
39	41
40	42
41	43
42	44
43	45
44	46
45	47
46	48
47	49
48	50
49	51
50	52
51	53
52	54
53	55
54	56
55	57
56	58
57	59
58	60
59	61
60	62
61	63
62	64
63	65
64	66
65	67
66	68
67	69
68	70
69	71
70	72
71	73
72	74
73	75
74	76
75	77
76	78
77	79
78	80
79	81
80	82
81	83
82	84
83	85
84	86
85	87
86	88
87	89
88	90
89	91
90	92
91	93
92	94
93	95
94	96
95	97
96	98
97	99
98	100
99	101
100	102
101	103
102	104
103	105
104	106
105	107
106	108
107	109
108	110
109	111
110	112
111	113
112	114
113	115
114	116
115	118
116	119
117	120
118	121
119	123
120	124
121	125
122	126
123	127
124	128
125	129
126	130
127	131
128	132
129	134
130	135
131	136
132	138
133	140
134	142
135	143
136	144
137	146
138	147
139	148
140	149
141	150
142	151
143	152
144	153
145	154
146	155
147	156
148	157
149	158
150	159
151	160
152	161
153	162
154	163
155	164
156	165
157	166
158	167
159	168
160	169
161	170
162	171
163	172
164	173
165	174
166	175
167	176
168	178
169	179
170	180
171	181
172	182
173	183
174	185
175	186
176	187
177	188
178	189
179	190
180	191
181	192
182	193
183	194
184	196
185	197
186	198
187	199
188	200
189	201
190	202
191	203
192	204
193	205
194	206
195	207
196	208
197	209
198	210
199	211
200	212
201	213
202	214
203	215
204	216
205	217
206	218
207	219
208	220
209	221
210	222
211	223
212	224
213	225
214	226
215	227
216	228
217	229
218	230
219	231
220	232
221	233
222	234
223	235
224	237
225	239
226	240
227	241
228	242
229	244
230	245
231	246
232	248
233	249
234	250
235	251
236	252
237	253
238	254
239	256
240	258
241	259
242	260
243	262
244	263
245	264
246	266
247	267
248	269
249	270
250	271
251	272
252	273
253	274
254	275
255	276
256	277
257	279
258	281
259	282
260	283
261	284
262	286
263	287
264	288
265	289
266	290
267	291
268	292
269	293
270	294
271	295
272	296
273	298
274	299
275	300
276	302
277	303
278	305
279	306
280	307
281	308
282	309
283	310
284	311
285	312
286	314
287	315
288	316
289	317
290	318
291	319
292	320
293	321
294	322
295	323
296	324
297	325
298	326
299	327
300	9507
301	329
302	330
303	331
304	332
305	334
306	335
307	336
308	337
309	338
310	339
311	340
312	341
313	342
314	343
315	344
316	345
317	347
318	348
319	349
320	350
321	351
322	352
323	353
324	354
325	355
326	356
327	357
328	358
329	359
330	360
331	361
332	362
333	363
334	364
335	365
336	366
337	367
338	368
339	369
340	370
341	371
342	372
343	373
344	374
345	375
346	376
347	378
348	379
349	382
350	383
351	384
352	385
353	386
354	387
355	388
356	389
357	390
358	391
359	392
360	393
361	394
362	396
363	397
364	398
365	399
366	400
367	401
368	402
369	403
370	404
371	405
372	406
373	408
374	410
375	411
376	412
377	413
378	415
379	417
380	418
381	419
382	420
383	421
384	422
385	423
386	424
387	425
388	426
389	427
390	429
391	430
392	432
393	433
394	434
395	436
396	437
397	438
398	439
399	440
400	441
401	442
402	443
403	444
404	445
405	446
406	447
407	448
408	449
409	451
410	452
411	453
412	454
413	455
414	456
415	457
416	458
417	459
418	460
419	461
420	462
421	465
422	466
423	469
424	470
425	471
426	472
427	474
428	475
429	476
430	477
431	478
432	479
433	480
434	481
435	482
436	484
437	485
438	486
439	487
440	488
441	489
442	490
443	491
444	494
445	495
446	496
447	497
448	500
449	501
450	502
451	503
452	504
453	505
454	506
455	507
456	508
457	509
458	510
459	511
460	512
461	513
462	515
463	516
464	517
465	518
466	520
467	521
468	522
469	523
470	524
471	525
472	527
473	528
474	529
475	530
476	531
477	532
478	533
479	534
480	535
481	536
482	537
483	538
484	540
485	542
486	543
487	544
488	545
489	546
490	547
491	548
492	549
493	550
494	551
495	552
496	553
497	554
498	557
499	558
500	559
501	560
502	562
503	563
504	564
505	565
506	566
507	567
508	569
509	570
510	572
511	573
512	574
513	575
514	576
515	578
516	580
517	583
518	584
519	585
520	587
521	589
522	591
523	592
524	593
525	594
526	595
527	596
528	597
529	598
530	599
531	603
532	604
533	605
534	606
535	607
536	608
537	609
538	610
539	611
540	612
541	613
542	614
543	615
544	617
545	619
546	620
547	621
548	622
549	623
550	625
551	627
552	628
553	629
554	633
555	635
556	637
557	638
558	640
559	641
560	642
561	643
562	645
563	646
564	647
565	648
566	649
567	650
568	652
569	654
570	655
571	656
572	657
573	658
574	659
575	660
576	662
577	663
578	664
579	665
580	666
581	668
582	669
583	670
584	675
585	677
586	678
587	680
588	681
589	683
590	684
591	685
592	686
593	689
594	691
595	692
596	693
597	695
598	696
599	697
600	700
601	701
602	702
603	704
604	707
605	709
606	710
607	712
608	714
609	717
610	720
611	721
612	723
613	725
614	727
615	728
616	729
617	730
618	732
619	733
620	734
621	735
622	736
623	737
624	738
625	740
626	741
627	742
628	743
629	744
630	745
631	746
632	747
633	748
634	749
635	750
636	752
637	753
638	755
639	756
640	757
641	758
642	759
643	760
644	761
645	764
646	766
647	767
648	768
649	769
650	770
651	772
652	773
653	774
654	776
655	779
656	781
657	783
658	785
659	786
660	788
661	789
662	790
663	791
664	792
665	794
666	795
667	796
668	799
669	800
670	802
671	804
672	805
673	806
674	807
675	808
676	809
677	811
678	812
679	813
680	814
681	816
682	818
683	819
684	820
685	821
686	822
687	826
688	827
689	828
690	830
691	831
692	832
693	833
694	834
695	835
696	836
697	837
698	838
699	839
700	841
701	842
702	843
703	844
704	845
705	846
706	847
707	848
708	849
709	850
710	851
711	853
712	855
713	856
714	858
715	860
716	861
717	862
718	863
719	864
720	865
721	866
722	867
723	868
724	869
725	870
726	872
727	873
728	874
729	875
730	880
731	882
732	883
733	884
734	885
735	886
736	887
737	889
738	890
739	891
740	892
741	893
742	895
743	896
744	897
745	899
746	900
747	901
748	903
749	904
750	905
751	906
752	907
753	908
754	910
755	913
756	914
757	915
758	916
759	917
760	919
761	920
762	921
763	922
764	923
765	925
766	926
767	930
768	931
769	935
770	937
771	938
772	939
773	943
774	944
775	945
776	948
777	950
778	952
779	953
780	954
781	955
782	956
783	957
784	958
785	959
786	961
787	962
788	964
789	965
790	966
791	967
792	968
793	969
794	970
795	971
796	972
797	973
798	976
799	977
800	978
801	979
802	980
803	981
804	985
805	988
806	991
807	993
808	996
809	998
810	999
811	1000
812	1002
813	1003
814	1004
815	1006
816	1008
817	1009
818	1010
819	1011
820	1012
821	1014
822	1015
823	1017
824	1018
825	1019
826	1020
827	1021
828	1022
829	1023
830	1025
831	1026
832	1028
833	1031
834	1032
835	1033
836	1035
837	1038
838	1039
839	1041
840	1042
841	1044
842	1045
843	1047
844	1049
845	1052
846	1053
847	1054
848	1057
849	1058
850	1059
851	1060
852	1061
853	1062
854	1063
855	1065
856	1066
857	1067
858	1068
859	1073
860	1074
861	1075
862	1077
863	1078
864	1079
865	1080
866	1081
867	1082
868	1083
869	1084
870	1087
871	1092
872	1094
873	1095
874	1096
875	1097
876	1099
877	1101
878	1102
879	1103
880	1105
881	1107
882	1108
883	1109
884	1115
885	1116
886	1118
887	1120
888	1121
889	1122
890	1123
891	1124
892	1126
893	1131
894	1134
895	1135
896	1136
897	1138
898	1139
899	1140
900	1143
901	1145
902	1148
903	1150
904	1151
905	1153
906	1158
907	1159
908	1160
909	1161
910	1163
911	1164
912	1167
913	1169
914	1173
915	1174
916	1175
917	1177
918	1179
919	1181
920	1184
921	1185
922	1187
923	1189
924	1190
925	1191
926	1192
927	1193
928	1196
929	1197
930	1198
931	1199
932	1200
933	1201
934	1202
935	1204
936	1205
937	1209
938	1212
939	1214
940	1217
941	1218
942	1219
943	1220
944	1221
945	1222
946	1223
947	1225
948	1226
949	1227
950	1230
951	1231
952	1232
953	1235
954	1237
955	1238
956	1239
957	1241
958	1242
959	1243
960	1244
961	1245
962	1247
963	1248
964	1250
965	1254
966	1256
967	1257
968	1258
969	1259
970	1262
971	1264
972	1265
973	1267
974	1269
975	1270
976	1274
977	1277
978	1278
979	1279
980	1284
981	1286
982	1288
983	1290
984	1291
985	1293
986	1295
987	1296
988	1299
989	1301
990	1302
991	1305
992	1307
993	1311
994	1313
995	1314
996	1318
997	1319
998	1323
999	1324
1000	1325
1001	1326
1002	1328
1003	1330
1004	1332
1005	1333
1006	1344
1007	1345
1008	1348
1009	1349
1010	1350
1011	1351
1012	1352
1013	1354
1014	1355
1015	1358
1016	1359
1017	1361
1018	1364
1019	1366
1020	1368
1021	1369
1022	1370
1023	1371
1024	1375
1025	1382
1026	1383
1027	1384
1028	1385
1029	1388
1030	1390
1031	1391
1032	1393
1033	1395
1034	1397
1035	1398
1036	1400
1037	1401
1038	1403
1039	1404
1040	1405
1041	1407
1042	1409
1043	1413
1044	1414
1045	1415
1046	1417
1047	1420
1048	1422
1049	1424
1050	1426
1051	1429
1052	1431
1053	1438
1054	1439
1055	1440
1056	1441
1057	1444
1058	1447
1059	1448
1060	1450
1061	1452
1062	1454
1063	1455
1064	1456
1065	1457
1066	1460
1067	1463
1068	1465
1069	1466
1070	1470
1071	1471
1072	1473
1073	1474
1074	1475
1075	1476
1076	1478
1077	1481
1078	1487
1079	1490
1080	1491
1081	1493
1082	1495
1083	1496
1084	1497
1085	1498
1086	1500
1087	1502
1088	1503
1089	1504
1090	1507
1091	1508
1092	1509
1093	1511
1094	1515
1095	1517
1096	1518
1097	1521
1098	1524
1099	1525
1100	1526
1101	1527
1102	1530
1103	1531
1104	1535
1105	1536
1106	1538
1107	1539
1108	1540
1109	1541
1110	1542
1111	1543
1112	1547
1113	1549
1114	1550
1115	1551
1116	1553
1117	1556
1118	1557
1119	1558
1120	1559
1121	1561
1122	1564
1123	1566
1124	1569
1125	1573
1126	1575
1127	1577
1128	1578
1129	1579
1130	1581
1131	1584
1132	1592
1133	1594
1134	1595
1135	1602
1136	1603
1137	1604
1138	1607
1139	1608
1140	1609
1141	1610
1142	1613
1143	1616
1144	1617
1145	1621
1146	1625
1147	1627
1148	1628
1149	1634
1150	1643
1151	1644
1152	1645
1153	1646
1154	1648
1155	1650
1156	9442
1157	1653
1158	1657
1159	1661
1160	1663
1161	1666
1162	1667
1163	1668
1164	1669
1165	1671
1166	1672
1167	1675
1168	1680
1169	1682
1170	1683
1171	1684
1172	1686
1173	1687
1174	1688
1175	1690
1176	1693
1177	1694
1178	1696
1179	1698
1180	1699
1181	1701
1182	1703
1183	1705
1184	1706
1185	1707
1186	1711
1187	1712
1188	1719
1189	1720
1190	1722
1191	1728
1192	1729
1193	1730
1194	1735
1195	1738
1196	1740
1197	1742
1198	1743
1199	1751
1200	1753
1201	1755
1202	1762
1203	1770
1204	1772
1205	1774
1206	1775
1207	1776
1208	1778
1209	1783
1210	1784
1211	1787
1212	1788
1213	1789
1214	1791
1215	1793
1216	1797
1217	1798
1218	1800
1219	1803
1220	1804
1221	1806
1222	1807
1223	1811
1224	1815
1225	1821
1226	1827
1227	1835
1228	1839
1229	1841
1230	1843
1231	1844
1232	1847
1233	1848
1234	1850
1235	1852
1236	1856
1237	1859
1238	1864
1239	1867
1240	1869
1241	1870
1242	1874
1243	1875
1244	1877
1245	1881
1246	1883
1247	1885
1248	1887
1249	1890
1250	1891
1251	1894
1252	1895
1253	1903
1254	1904
1255	1908
1256	1909
1257	9497
1258	1913
1259	1915
1260	1918
1261	1919
1262	1920
1263	1921
1264	1922
1265	1924
1266	1925
1267	1929
1268	1932
1269	1933
1270	1937
1271	1939
1272	1940
1273	1942
1274	1945
1275	9504
1276	1948
1277	1949
1278	1950
1279	1953
1280	1955
1281	1957
1282	1958
1283	1959
1284	1962
1285	1963
1286	1964
1287	1966
1288	1967
1289	1968
1290	1970
1291	1971
1292	1977
1293	1984
1294	1987
1295	1988
1296	1993
1297	1994
1298	1995
1299	1996
1300	1999
1301	2002
1302	2003
1303	2005
1304	2006
1305	2007
1306	2008
1307	2009
1308	2010
1309	2012
1310	2013
1311	2015
1312	2016
1313	2019
1314	2023
1315	2027
1316	2029
1317	2030
1318	2031
1319	2032
1320	2035
1321	2037
1322	2046
1323	2048
1324	2052
1325	2055
1326	2056
1327	2057
1328	2058
1329	2059
1330	2062
1331	2063
1332	2068
1333	2076
1334	2078
1335	2081
1336	2082
1337	2085
1338	2092
1339	2093
1340	2096
1341	2102
1342	2106
1343	2107
1344	2110
1345	2112
1346	2113
1347	2114
1348	2116
1349	2118
1350	2120
1351	2127
1352	2130
1353	2139
1354	2140
1355	2148
1356	2149
1357	2153
1358	2155
1359	2156
1360	2159
1361	2162
1362	2163
1363	2167
1364	2174
1365	2177
1366	2179
1367	2181
1368	2184
1369	2185
1370	2187
1371	2190
1372	2191
1373	2196
1374	2197
1375	2198
1376	2199
1377	2207
1378	2209
1379	2212
1380	2217
1381	2218
1382	2224
1383	2230
1384	2233
1385	2235
1386	2239
1387	2242
1388	2258
1389	2260
1390	2270
1391	2273
1392	2277
1393	2280
1394	2282
1395	2285
1396	2287
1397	2288
1398	2293
1399	2294
1400	2298
1401	2299
1402	2302
1403	2304
1404	2311
1405	2312
1406	2313
1407	2320
1408	2321
1409	2324
1410	2328
1411	2330
1412	2332
1413	2334
1414	2337
1415	2340
1416	2341
1417	2357
1418	2361
1419	2375
1420	2380
1421	2387
1422	2389
1423	2390
1424	2394
1425	2397
1426	2398
1427	2403
1428	2404
1429	2405
1430	2407
1431	2409
1432	2410
1433	2415
1434	2416
1435	2434
1436	2437
1437	2439
1438	2441
1439	2446
1440	2449
1441	2454
1442	2455
1443	2456
1444	2464
1445	2473
1446	2475
1447	2480
1448	2481
1449	2482
1450	2491
1451	2494
1452	2495
1453	2497
1454	2503
1455	2515
1456	2518
1457	2519
1458	9057
1459	2528
1460	2529
1461	2531
1462	2534
1463	2535
1464	2536
1465	2537
1466	2538
1467	2545
1468	2546
1469	2555
1470	2557
1471	2561
1472	2564
1473	2565
1474	2566
1475	2570
1476	2571
1477	2572
1478	2574
1479	2577
1480	2581
1481	2585
1482	2587
1483	2589
1484	2590
1485	2592
1486	2602
1487	2603
1488	2610
1489	2612
1490	2619
1491	2621
1492	2625
1493	2627
1494	2631
1495	2633
1496	2638
1497	2642
1498	2645
1499	2646
1500	2655
1501	2657
1502	2658
1503	2662
1504	2673
1505	2674
1506	2676
1507	2683
1508	2685
1509	2686
1510	2688
1511	2691
1512	2698
1513	2699
1514	2701
1515	2705
1516	2707
1517	2709
1518	2710
1519	2717
1520	2718
1521	2720
1522	2722
1523	2725
1524	2727
1525	2728
1526	2734
1527	2735
1528	2739
1529	2740
1530	2745
1531	2751
1532	2752
1533	2753
1534	2754
1535	2756
1536	2759
1537	2767
1538	2777
1539	2779
1540	2780
1541	2785
1542	2793
1543	2796
1544	2799
1545	2805
1546	2806
1547	2809
1548	2812
1549	2813
1550	2814
1551	2825
1552	2860
1553	2863
1554	2872
1555	14396
1556	2882
1557	2887
1558	2888
1559	2889
1560	2890
1561	2892
1562	2894
1563	2896
1564	2905
1565	2908
1566	2918
1567	2920
1568	2921
1569	2922
1570	2929
1571	2935
1572	2938
1573	2941
1574	2947
1575	2952
1576	2956
1577	2962
1578	2963
1579	2970
1580	2972
1581	2974
1582	2980
1583	2982
1584	2985
1585	2986
1586	2998
1587	3000
1588	3003
1589	3008
1590	3009
1591	3027
1592	3035
1593	3036
1594	3037
1595	3042
1596	3044
1597	3050
1598	3057
1599	3059
1600	14816
1601	3074
1602	3093
1603	3096
1604	3097
1605	3101
1606	3110
1607	3117
1608	3121
1609	3127
1610	3129
1611	3140
1612	3143
1613	3145
1614	3146
1615	3149
1616	3153
1617	3158
1618	3164
1619	3167
1620	3170
1621	3171
1622	3172
1623	3175
1624	3177
1625	3189
1626	3197
1627	3202
1628	3211
1629	3218
1630	3234
1631	3246
1632	3248
1633	3249
1634	3251
1635	3256
1636	3266
1637	3267
1638	3271
1639	3272
1640	3276
1641	3283
1642	3284
1643	3293
1644	3296
1645	3302
1646	3307
1647	3308
1648	3310
1649	3314
1650	3318
1651	3319
1652	3320
1653	3321
1654	3325
1655	3328
1656	3337
1657	3352
1658	3354
1659	3355
1660	3356
1661	3363
1662	3370
1663	3379
1664	3387
1665	3390
1666	3397
1667	3398
1668	3408
1669	3418
1670	3421
1671	3429
1672	3431
1673	3437
1674	3442
1675	3450
1676	3452
1677	3453
1678	3460
1679	3463
1680	3477
1681	3479
1682	3482
1683	3506
1684	3508
1685	3516
1686	3517
1687	3518
1688	3526
1689	3527
1690	3531
1691	3537
1692	3545
1693	3547
1694	3548
1695	3551
1696	3555
1697	3557
1698	16183
1699	3578
1700	3582
1701	3583
1702	3600
1703	3601
1704	3624
1705	3637
1706	3642
1707	3643
1708	3645
1709	3656
1710	3661
1711	3668
1712	3671
1713	3678
1714	3689
1715	3691
1716	3709
1717	3711
1718	3733
1719	3737
1720	3740
1721	3747
1722	3751
1723	3752
1724	3757
1725	3760
1726	3771
1727	3784
1728	3787
1729	3788
1730	3790
1731	3791
1732	3794
1733	3819
1734	3844
1735	3853
1736	3874
1737	3885
1738	3886
1739	3903
1740	3905
1741	3906
1742	3914
1743	3916
1744	3927
1745	3928
1746	3938
1747	3944
1748	3952
1749	3959
1750	10020
1751	3978
1752	3982
1753	4009
1754	4011
1755	4024
1756	4029
1757	4034
1758	4038
1759	4041
1760	4047
1761	4049
1762	4059
1763	4062
1764	4065
1765	4066
1766	4069
1767	4070
1768	4071
1769	4075
1770	4082
1771	4086
1772	4090
1773	4095
1774	4111
1775	4118
1776	4120
1777	4124
1778	4125
1779	4129
1780	4141
1781	4148
1782	4153
1783	4162
1784	4165
1785	4170
1786	4177
1787	4213
1788	4215
1789	4221
1790	4226
1791	4240
1792	4243
1793	4263
1794	4270
1795	4281
1796	4283
1797	4287
1798	4296
1799	4319
1800	4322
1801	4324
1802	4326
1803	4332
1804	4344
1805	4346
1806	4349
1807	4352
1808	4370
1809	4384
1810	4389
1811	4403
1812	4409
1813	4410
1814	4416
1815	4422
1816	4432
1817	4433
1818	4434
1819	4438
1820	4443
1821	4447
1822	4451
1823	4452
1824	4455
1825	4470
1826	4512
1827	4513
1828	4542
1829	4546
1830	4556
1831	4561
1832	4576
1833	4581
1834	4582
1835	4584
1836	4591
1837	4593
1838	4601
1839	4605
1840	4628
1841	4648
1842	4657
1843	4670
1844	4672
1845	4690
1846	4704
1847	4718
1848	4747
1849	4753
1850	4755
1851	4762
1852	4772
1853	4795
1854	4798
1855	4810
1856	4852
1857	20042
1858	4865
1859	4868
1860	4875
1861	4880
1862	4895
1863	4898
1864	4953
1865	4978
1866	5015
1867	5021
1868	5022
1869	5040
1870	5041
1871	5044
1872	5065
1873	5069
1874	5070
1875	5076
1876	5079
1877	5082
1878	5088
1879	5106
1880	5119
1881	5122
1882	5126
1883	5137
1884	5169
1885	5189
1886	5214
1887	5217
1888	5240
1889	5241
1890	5249
1891	5285
1892	5293
1893	5300
1894	5302
1895	5336
1896	5379
1897	5390
1898	5425
1899	5430
1900	5454
1901	5460
1902	5474
1903	5481
1904	5519
1905	5525
1906	5527
1907	5534
1908	5561
1909	5590
1910	5608
1911	5615
1912	5667
1913	5695
1914	5702
1915	5723
1916	5752
1917	5768
1918	5773
1919	5796
1920	5799
1921	5820
1922	5826
1923	5843
1924	5861
1925	5957
1926	5973
1927	6019
1928	6044
1929	6091
1930	6101
1931	6112
1932	6114
1933	6183
1934	6190
1935	6257
1936	6271
1937	6290
1938	6292
1939	6294
1940	6297
1941	6310
1942	6330
1943	6349
1944	6390
1945	6409
1946	6422
1947	6433
1948	6436
1949	6462
1950	6493
1951	6504
1952	6579
1953	6618
1954	6624
1955	6719
1956	6778
1957	6816
1958	6817
1959	6843
1960	6950
1961	7022
1962	7032
1963	7033
1964	7035
1965	7038
1966	7086
1967	7098
1968	7101
1969	7125
1970	7136
1971	7148
1972	7175
1973	7203
1974	7315
1975	7334
1976	7482
1977	7568
1978	7650
1979	7760
1980	7797
1981	13685
1982	7864
1983	7865
1984	11013
1985	7965
1986	8118
1987	8128
1988	8153
1989	8211
1990	8262
1991	13846
1992	8347
1993	8432
1994	8631
1995	8675
1996	8852
1997	8869
1998	8936
1999	8963
