0	2
1	3
2	4
3	5
4	6
5	7
6	8
7	9
8	10
9	11
10	12
11	13
12	14
13	15
14	16
15	17
16	18
17	19
18	20
19	21
20	22
21	23
22	24
23	25
24	26
25	27
26	28
27	29
28	30
29	31
30	32
31	33
32	34
33	35
34	36
35	37
36	38
37	39
38	40
39	41
40	42
41	43
42	44
43	45
44	46
45	47
46	48
47	49
48	50
49	51
50	52
51	53
52	54
53	55
54	56
55	57
56	58
57	59
58	60
59	61
60	62
61	63
62	64
63	65
64	66
65	67
66	68
67	69
68	70
69	71
70	72
71	73
72	74
73	75
74	76
75	77
76	78
77	79
78	80
79	81
80	82
81	83
82	84
83	85
84	86
85	87
86	88
87	89
88	90
89	91
90	92
91	93
92	94
93	95
94	96
95	97
96	98
97	99
98	100
99	101
100	102
101	103
102	104
103	105
104	106
105	107
106	108
107	109
108	110
109	111
110	112
111	113
112	114
113	115
114	116
115	117
116	118
117	119
118	120
119	121
120	122
121	123
122	124
123	125
124	126
125	127
126	128
127	129
128	130
129	131
130	132
131	133
132	134
133	135
134	136
135	137
136	138
137	139
138	140
139	141
140	142
141	143
142	144
143	145
144	146
145	147
146	148
147	149
148	150
149	151
150	152
151	153
152	154
153	155
154	156
155	157
156	158
157	159
158	160
159	161
160	162
161	163
162	164
163	165
164	166
165	167
166	168
167	169
168	170
169	171
170	172
171	173
172	174
173	175
174	176
175	177
176	178
177	179
178	180
179	181
180	182
181	183
182	184
183	185
184	186
185	187
186	188
187	190
188	191
189	192
190	193
191	194
192	195
193	196
194	197
195	198
196	199
197	200
198	201
199	204
200	205
201	206
202	208
203	209
204	210
205	211
206	212
207	214
208	215
209	216
210	217
211	219
212	220
213	221
214	222
215	223
216	224
217	225
218	226
219	227
220	228
221	229
222	230
223	232
224	234
225	235
226	236
227	237
228	239
229	240
230	241
231	244
232	245
233	246
234	247
235	248
236	249
237	251
238	252
239	253
240	256
241	257
242	258
243	259
244	260
245	261
246	262
247	263
248	264
249	265
250	267
251	268
252	270
253	271
254	272
255	273
256	275
257	276
258	277
259	279
260	280
261	281
262	282
263	283
264	284
265	285
266	286
267	288
268	289
269	290
270	291
271	292
272	293
273	294
274	296
275	297
276	298
277	299
278	300
279	301
280	302
281	303
282	304
283	305
284	306
285	307
286	309
287	310
288	313
289	314
290	315
291	316
292	317
293	318
294	319
295	320
296	321
297	322
298	323
299	325
300	326
301	327
302	328
303	329
304	330
305	331
306	332
307	333
308	334
309	335
310	336
311	338
312	339
313	340
314	341
315	342
316	343
317	344
318	345
319	346
320	347
321	348
322	349
323	350
324	351
325	352
326	353
327	354
328	355
329	356
330	357
331	360
332	361
333	362
334	363
335	364
336	365
337	366
338	367
339	368
340	369
341	370
342	373
343	375
344	376
345	377
346	378
347	379
348	381
349	382
350	383
351	384
352	385
353	386
354	387
355	388
356	391
357	392
358	393
359	394
360	396
361	397
362	398
363	399
364	400
365	402
366	403
367	404
368	9173
369	406
370	407
371	408
372	409
373	410
374	411
375	413
376	414
377	417
378	420
379	421
380	422
381	423
382	426
383	427
384	429
385	430
386	431
387	433
388	435
389	436
390	437
391	438
392	439
393	440
394	442
395	443
396	444
397	445
398	446
399	449
400	450
401	453
402	454
403	455
404	456
405	457
406	459
407	461
408	463
409	464
410	465
411	466
412	467
413	468
414	469
415	470
416	471
417	472
418	473
419	475
420	477
421	478
422	479
423	480
424	481
425	482
426	483
427	484
428	485
429	488
430	489
431	9847
432	492
433	493
434	494
435	496
436	497
437	498
438	499
439	500
440	501
441	502
442	503
443	504
444	505
445	506
446	507
447	508
448	510
449	512
450	515
451	516
452	517
453	519
454	521
455	522
456	523
457	525
458	527
459	528
460	529
461	531
462	532
463	533
464	534
465	535
466	536
467	538
468	542
469	543
470	545
471	546
472	547
473	550
474	552
475	553
476	554
477	555
478	556
479	557
480	560
481	561
482	562
483	563
484	564
485	566
486	567
487	568
488	569
489	570
490	571
491	573
492	574
493	575
494	576
495	577
496	578
497	579
498	581
499	582
500	584
501	585
502	586
503	588
504	590
505	591
506	593
507	594
508	595
509	596
510	597
511	598
512	599
513	601
514	602
515	603
516	604
517	605
518	606
519	607
520	608
521	609
522	611
523	612
524	613
525	614
526	617
527	618
528	619
529	620
530	621
531	622
532	624
533	626
534	627
535	628
536	629
537	630
538	631
539	632
540	633
541	634
542	635
543	636
544	637
545	645
546	647
547	650
548	652
549	654
550	655
551	656
552	657
553	659
554	661
555	664
556	665
557	666
558	669
559	670
560	673
561	674
562	675
563	676
564	677
565	679
566	680
567	681
568	682
569	683
570	684
571	685
572	686
573	687
574	690
575	691
576	692
577	693
578	694
579	696
580	697
581	698
582	699
583	700
584	701
585	702
586	703
587	704
588	705
589	707
590	709
591	710
592	713
593	714
594	715
595	716
596	717
597	718
598	719
599	720
600	721
601	722
602	723
603	724
604	725
605	726
606	727
607	728
608	729
609	730
610	731
611	735
612	737
613	738
614	740
615	742
616	744
617	746
618	748
619	749
620	751
621	752
622	753
623	756
624	758
625	759
626	762
627	764
628	765
629	766
630	767
631	768
632	769
633	770
634	772
635	773
636	774
637	775
638	776
639	777
640	780
641	781
642	782
643	784
644	785
645	786
646	789
647	790
648	791
649	792
650	793
651	795
652	796
653	797
654	798
655	799
656	800
657	801
658	802
659	803
660	805
661	806
662	807
663	809
664	811
665	813
666	814
667	815
668	816
669	818
670	820
671	821
672	822
673	825
674	826
675	827
676	828
677	829
678	830
679	831
680	832
681	834
682	835
683	836
684	837
685	838
686	840
687	843
688	844
689	846
690	847
691	848
692	850
693	851
694	852
695	853
696	854
697	855
698	856
699	858
700	859
701	860
702	861
703	862
704	863
705	867
706	869
707	870
708	871
709	872
710	873
711	874
712	10453
713	877
714	879
715	880
716	881
717	882
718	883
719	884
720	885
721	886
722	10478
723	889
724	892
725	893
726	894
727	895
728	898
729	902
730	905
731	907
732	908
733	909
734	911
735	912
736	914
737	915
738	916
739	917
740	918
741	920
742	921
743	923
744	927
745	928
746	929
747	930
748	931
749	932
750	933
751	934
752	935
753	936
754	938
755	939
756	940
757	941
758	942
759	944
760	947
761	948
762	950
763	951
764	952
765	953
766	954
767	955
768	956
769	957
770	961
771	962
772	963
773	964
774	965
775	967
776	968
777	969
778	970
779	971
780	974
781	975
782	976
783	977
784	978
785	980
786	982
787	983
788	984
789	985
790	986
791	987
792	990
793	991
794	993
795	994
796	997
797	998
798	1000
799	1001
800	1002
801	1005
802	1007
803	1008
804	1011
805	1012
806	1013
807	1016
808	1017
809	1018
810	1021
811	1023
812	1024
813	1025
814	1026
815	1029
816	1030
817	1032
818	1033
819	1034
820	1035
821	1036
822	1037
823	1042
824	1043
825	1044
826	1046
827	1050
828	1051
829	1052
830	1053
831	1054
832	1055
833	1056
834	1058
835	1060
836	1061
837	1062
838	1063
839	1065
840	1069
841	1070
842	1074
843	1075
844	1077
845	1078
846	1081
847	1082
848	1083
849	1086
850	1087
851	1089
852	1091
853	1093
854	1094
855	1095
856	1096
857	1097
858	1099
859	1101
860	1102
861	1103
862	1108
863	1112
864	1113
865	1117
866	1119
867	1120
868	1121
869	1122
870	1123
871	1124
872	1126
873	1127
874	1128
875	1129
876	1131
877	1132
878	1133
879	1136
880	1137
881	1138
882	1140
883	1141
884	1142
885	1145
886	1146
887	1148
888	1149
889	1151
890	1152
891	1153
892	1154
893	1155
894	1156
895	1157
896	1158
897	1161
898	1162
899	1163
900	1164
901	1166
902	1167
903	1168
904	1170
905	1171
906	1173
907	1174
908	1177
909	1178
910	1180
911	1181
912	1182
913	1184
914	1185
915	1187
916	1188
917	1191
918	1194
919	1198
920	1201
921	1203
922	1204
923	1206
924	1209
925	1213
926	1214
927	1215
928	1216
929	1218
930	1221
931	1222
932	1225
933	1226
934	1230
935	1232
936	1235
937	1238
938	1239
939	1240
940	1241
941	1242
942	1244
943	1245
944	1246
945	1247
946	1248
947	1251
948	1254
949	1255
950	1258
951	1259
952	1261
953	1263
954	1264
955	1266
956	1267
957	1269
958	1270
959	1271
960	1272
961	1273
962	1274
963	1275
964	1276
965	1279
966	1280
967	1283
968	1284
969	1290
970	1293
971	1294
972	1295
973	1297
974	1303
975	1304
976	1305
977	1307
978	1309
979	1310
980	1313
981	1316
982	1318
983	1320
984	1322
985	1324
986	1327
987	1331
988	1332
989	1334
990	1340
991	1345
992	1346
993	1347
994	1349
995	1350
996	1351
997	1352
998	1353
999	1354
1000	1355
1001	1357
1002	1360
1003	1362
1004	1363
1005	1365
1006	1367
1007	1368
1008	1370
1009	1372
1010	1373
1011	1374
1012	1375
1013	1377
1014	1380
1015	1384
1016	1387
1017	1388
1018	1390
1019	1392
1020	1393
1021	1394
1022	1395
1023	1398
1024	1399
1025	1401
1026	1402
1027	1403
1028	1404
1029	1406
1030	1408
1031	1412
1032	9431
1033	1414
1034	1415
1035	1416
1036	1417
1037	1418
1038	1420
1039	1422
1040	1425
1041	1426
1042	1428
1043	1429
1044	1434
1045	1440
1046	1442
1047	1445
1048	1449
1049	1450
1050	1453
1051	1454
1052	1458
1053	1459
1054	1460
1055	1462
1056	1466
1057	1474
1058	1479
1059	1480
1060	1481
1061	1485
1062	1486
1063	1488
1064	1489
1065	1490
1066	1492
1067	1493
1068	1494
1069	1495
1070	1496
1071	1497
1072	1500
1073	1503
1074	1505
1075	1506
1076	1507
1077	1512
1078	1524
1079	1526
1080	1527
1081	1529
1082	1531
1083	1533
1084	1534
1085	1535
1086	1538
1087	11582
1088	1542
1089	1543
1090	1545
1091	1549
1092	1550
1093	1551
1094	1553
1095	1554
1096	1555
1097	1556
1098	1557
1099	1559
1100	1561
1101	1563
1102	1564
1103	1571
1104	1573
1105	1574
1106	1575
1107	1577
1108	1580
1109	1581
1110	1586
1111	1588
1112	1593
1113	1594
1114	1595
1115	1597
1116	1600
1117	1602
1118	1603
1119	1604
1120	1605
1121	1608
1122	1609
1123	1613
1124	1616
1125	1619
1126	1620
1127	1621
1128	1623
1129	1624
1130	1627
1131	1628
1132	1632
1133	1633
1134	1634
1135	1635
1136	1636
1137	1637
1138	1638
1139	1641
1140	1647
1141	1649
1142	1650
1143	1652
1144	1653
1145	1656
1146	1657
1147	1659
1148	1660
1149	1664
1150	1666
1151	1670
1152	1671
1153	1673
1154	1676
1155	1677
1156	1678
1157	1682
1158	1684
1159	1689
1160	1692
1161	1696
1162	1698
1163	1699
1164	1702
1165	1706
1166	1710
1167	11901
1168	1714
1169	1717
1170	1719
1171	1722
1172	1726
1173	1727
1174	1729
1175	11872
1176	11930
1177	1733
1178	1734
1179	1738
1180	1740
1181	1741
1182	1745
1183	1746
1184	1747
1185	1749
1186	1750
1187	1751
1188	1752
1189	1755
1190	1758
1191	1759
1192	1766
1193	1767
1194	1768
1195	1772
1196	1774
1197	1775
1198	1778
1199	1780
1200	1783
1201	1788
1202	1791
1203	1794
1204	1795
1205	1797
1206	1804
1207	1807
1208	1810
1209	1811
1210	1813
1211	1814
1212	1816
1213	1818
1214	1819
1215	1820
1216	1823
1217	1824
1218	1825
1219	1827
1220	1829
1221	1833
1222	1835
1223	1840
1224	1842
1225	12129
1226	1846
1227	1852
1228	1857
1229	1859
1230	1861
1231	1862
1232	1867
1233	1868
1234	1869
1235	1874
1236	1876
1237	1877
1238	1878
1239	1880
1240	1881
1241	1884
1242	1887
1243	1889
1244	1891
1245	1892
1246	1895
1247	1900
1248	1905
1249	1908
1250	1912
1251	1917
1252	1923
1253	1925
1254	1929
1255	1931
1256	1932
1257	11857
1258	1940
1259	1943
1260	1946
1261	9568
1262	1948
1263	1951
1264	1952
1265	1956
1266	1957
1267	1958
1268	1959
1269	1960
1270	1961
1271	1966
1272	1972
1273	1973
1274	1975
1275	1980
1276	1981
1277	1984
1278	1986
1279	1988
1280	1991
1281	1993
1282	1994
1283	1995
1284	1996
1285	1997
1286	1998
1287	1999
1288	2000
1289	2003
1290	2007
1291	2010
1292	2012
1293	2015
1294	2016
1295	2020
1296	2021
1297	2023
1298	2029
1299	2031
1300	2032
1301	2034
1302	2036
1303	2038
1304	2041
1305	2046
1306	2047
1307	2050
1308	12524
1309	2055
1310	2057
1311	2059
1312	2061
1313	2062
1314	2063
1315	2065
1316	2072
1317	2078
1318	2083
1319	2084
1320	2085
1321	2089
1322	2090
1323	2096
1324	2097
1325	2103
1326	2106
1327	2108
1328	2109
1329	2115
1330	2116
1331	2118
1332	2119
1333	2122
1334	2124
1335	2133
1336	2134
1337	2139
1338	2146
1339	2154
1340	11923
1341	2158
1342	2159
1343	2164
1344	2167
1345	2169
1346	2170
1347	2173
1348	2181
1349	2187
1350	2191
1351	2192
1352	2193
1353	2194
1354	12803
1355	2197
1356	2200
1357	2201
1358	2203
1359	2208
1360	2211
1361	2214
1362	2222
1363	2238
1364	2239
1365	2241
1366	2243
1367	2245
1368	2246
1369	2247
1370	2249
1371	2254
1372	2258
1373	2259
1374	2261
1375	2268
1376	2271
1377	2272
1378	2274
1379	2278
1380	2279
1381	2280
1382	2281
1383	2282
1384	2288
1385	2291
1386	2293
1387	2297
1388	2305
1389	2307
1390	2312
1391	2313
1392	2316
1393	2321
1394	2322
1395	2323
1396	2324
1397	2326
1398	2329
1399	2337
1400	2340
1401	2343
1402	2345
1403	2346
1404	2360
1405	2361
1406	2362
1407	2367
1408	2369
1409	2371
1410	2372
1411	2373
1412	2381
1413	2385
1414	2386
1415	2389
1416	2392
1417	2395
1418	2396
1419	2398
1420	2399
1421	2407
1422	2414
1423	2415
1424	2419
1425	2424
1426	2429
1427	2443
1428	2445
1429	2448
1430	2449
1431	2453
1432	2455
1433	2459
1434	2462
1435	2470
1436	2474
1437	9710
1438	2477
1439	2480
1440	2503
1441	2508
1442	2512
1443	2516
1444	2519
1445	2520
1446	2522
1447	2525
1448	2528
1449	2533
1450	2536
1451	2542
1452	2543
1453	2544
1454	2557
1455	2568
1456	2571
1457	2572
1458	2573
1459	2577
1460	2578
1461	2581
1462	2587
1463	2588
1464	2595
1465	2598
1466	2607
1467	2615
1468	2616
1469	2621
1470	2627
1471	2632
1472	2637
1473	2639
1474	2641
1475	9611
1476	2645
1477	2647
1478	2648
1479	2651
1480	2653
1481	2661
1482	2668
1483	2672
1484	2678
1485	2686
1486	2693
1487	2700
1488	2704
1489	2705
1490	2712
1491	2724
1492	2725
1493	2726
1494	2728
1495	2731
1496	2735
1497	2737
1498	2744
1499	2745
1500	2747
1501	2756
1502	2762
1503	2763
1504	2764
1505	2771
1506	2773
1507	2775
1508	2776
1509	2787
1510	2788
1511	2796
1512	2799
1513	2801
1514	2802
1515	2805
1516	2806
1517	2811
1518	9818
1519	2820
1520	2821
1521	2831
1522	2837
1523	2839
1524	2840
1525	2842
1526	2844
1527	2845
1528	2848
1529	2849
1530	2855
1531	2858
1532	2868
1533	2870
1534	2872
1535	2875
1536	2883
1537	2884
1538	2886
1539	2887
1540	2901
1541	2903
1542	2905
1543	2911
1544	2914
1545	2915
1546	2916
1547	2925
1548	2927
1549	2928
1550	2931
1551	2937
1552	2942
1553	2943
1554	2946
1555	2947
1556	2949
1557	2953
1558	2956
1559	2962
1560	2969
1561	2970
1562	2971
1563	2972
1564	2980
1565	2988
1566	2989
1567	2990
1568	2992
1569	2997
1570	2998
1571	3001
1572	3004
1573	3012
1574	3014
1575	3020
1576	3026
1577	3027
1578	14711
1579	3045
1580	3047
1581	3049
1582	3052
1583	3061
1584	3066
1585	3078
1586	3083
1587	3087
1588	3088
1589	3089
1590	3090
1591	3096
1592	3098
1593	3101
1594	3110
1595	3113
1596	3115
1597	3116
1598	3119
1599	3123
1600	3126
1601	3128
1602	3131
1603	3133
1604	3136
1605	3138
1606	3141
1607	3153
1608	3155
1609	3161
1610	3163
1611	3166
1612	3168
1613	3178
1614	3182
1615	3189
1616	3191
1617	3196
1618	3206
1619	3214
1620	3216
1621	3217
1622	3221
1623	3227
1624	3234
1625	3239
1626	3242
1627	3247
1628	3261
1629	3278
1630	3281
1631	3288
1632	3289
1633	3294
1634	3295
1635	3297
1636	3299
1637	3304
1638	3306
1639	3308
1640	3313
1641	3320
1642	3322
1643	3325
1644	3329
1645	3342
1646	3346
1647	3349
1648	3356
1649	3361
1650	3367
1651	3371
1652	3376
1653	3384
1654	3386
1655	3405
1656	3406
1657	3417
1658	3419
1659	3426
1660	3433
1661	3452
1662	3463
1663	3466
1664	3476
1665	3477
1666	3480
1667	3485
1668	3486
1669	3488
1670	3489
1671	3492
1672	3493
1673	9979
1674	3503
1675	3505
1676	3506
1677	3511
1678	3515
1679	3517
1680	3526
1681	3527
1682	3534
1683	3538
1684	9986
1685	3552
1686	3553
1687	3554
1688	3557
1689	3570
1690	3594
1691	3618
1692	3626
1693	3629
1694	3640
1695	3642
1696	3645
1697	3647
1698	3649
1699	3661
1700	3678
1701	3681
1702	3682
1703	3698
1704	3700
1705	3703
1706	3716
1707	3730
1708	3753
1709	3755
1710	3777
1711	3783
1712	3793
1713	3795
1714	3804
1715	3806
1716	3813
1717	3816
1718	3819
1719	3820
1720	3834
1721	3840
1722	3841
1723	3844
1724	3847
1725	3854
1726	3855
1727	3878
1728	3884
1729	3887
1730	3892
1731	3907
1732	3908
1733	3909
1734	3913
1735	3917
1736	3922
1737	3934
1738	3937
1739	3940
1740	3941
1741	3947
1742	3965
1743	3966
1744	3972
1745	3975
1746	3977
1747	3983
1748	4001
1749	4007
1750	4008
1751	4011
1752	4013
1753	4020
1754	4040
1755	4042
1756	4046
1757	4061
1758	4067
1759	4070
1760	4074
1761	4077
1762	4083
1763	4117
1764	4121
1765	4122
1766	4128
1767	4133
1768	4143
1769	4145
1770	4168
1771	4169
1772	4177
1773	4188
1774	4189
1775	4190
1776	4196
1777	4203
1778	4206
1779	4207
1780	4215
1781	4216
1782	4218
1783	4227
1784	4243
1785	4247
1786	4253
1787	4265
1788	4266
1789	4270
1790	4276
1791	4278
1792	4330
1793	4341
1794	4342
1795	4357
1796	4376
1797	4405
1798	4409
1799	4417
1800	4433
1801	4456
1802	4496
1803	4498
1804	4502
1805	4504
1806	4507
1807	4520
1808	4535
1809	4557
1810	4564
1811	4566
1812	4581
1813	4594
1814	4603
1815	4606
1816	4610
1817	4611
1818	4613
1819	4642
1820	4646
1821	4684
1822	4715
1823	4719
1824	4726
1825	4733
1826	4735
1827	4742
1828	4754
1829	4766
1830	4771
1831	4774
1832	4778
1833	4781
1834	4784
1835	4795
1836	4799
1837	4826
1838	4833
1839	4843
1840	4855
1841	4856
1842	4865
1843	4876
1844	4878
1845	4884
1846	4895
1847	4900
1848	4906
1849	4908
1850	4910
1851	4913
1852	4933
1853	4943
1854	4951
1855	4955
1856	4959
1857	4968
1858	4987
1859	4991
1860	4996
1861	5002
1862	5011
1863	5025
1864	5027
1865	5075
1866	5095
1867	5098
1868	5101
1869	5108
1870	5132
1871	5140
1872	5143
1873	5153
1874	5171
1875	5172
1876	5187
1877	5203
1878	5232
1879	5233
1880	5291
1881	5312
1882	5317
1883	5325
1884	5327
1885	5339
1886	5363
1887	5375
1888	5378
1889	5404
1890	5409
1891	5413
1892	5426
1893	5440
1894	5441
1895	5451
1896	5462
1897	5497
1898	5498
1899	5508
1900	5524
1901	5528
1902	5533
1903	5547
1904	5600
1905	5607
1906	5613
1907	5625
1908	5666
1909	5701
1910	5708
1911	5716
1912	10556
1913	5761
1914	5814
1915	5840
1916	5855
1917	5858
1918	5872
1919	5876
1920	5927
1921	5929
1922	5939
1923	5945
1924	5957
1925	5980
1926	5986
1927	6011
1928	6047
1929	6055
1930	6138
1931	6167
1932	6176
1933	6178
1934	6186
1935	6190
1936	6281
1937	6283
1938	10700
1939	6298
1940	9369
1941	6358
1942	6405
1943	6412
1944	6417
1945	6419
1946	6452
1947	6453
1948	6459
1949	6473
1950	6478
1951	6481
1952	6494
1953	6529
1954	6538
1955	6557
1956	6559
1957	6654
1958	6689
1959	6819
1960	6826
1961	6885
1962	6908
1963	6931
1964	6968
1965	6989
1966	7010
1967	7069
1968	7103
1969	7112
1970	7214
1971	7249
1972	7328
1973	7391
1974	7421
1975	7433
1976	7452
1977	7510
1978	7576
1979	7587
1980	17148
1981	7682
1982	7689
1983	7750
1984	7865
1985	7976
1986	8194
1987	8263
1988	8273
1989	8332
1990	8407
1991	8523
1992	8732
1993	8760
1994	8823
1995	8934
1996	8946
1997	9001
1998	9072
1999	9075
