0	2
1	3
2	4
3	5
4	6
5	7
6	8
7	9
8	10
9	11
10	12
11	13
12	14
13	15
14	16
15	17
16	18
17	19
18	20
19	21
20	22
21	23
22	24
23	25
24	26
25	27
26	28
27	29
28	30
29	31
30	32
31	33
32	34
33	35
34	36
35	37
36	38
37	39
38	40
39	41
40	42
41	43
42	44
43	45
44	46
45	47
46	48
47	49
48	50
49	51
50	52
51	53
52	54
53	55
54	56
55	57
56	58
57	59
58	60
59	61
60	62
61	63
62	64
63	65
64	66
65	67
66	68
67	69
68	70
69	71
70	72
71	73
72	74
73	75
74	76
75	77
76	78
77	79
78	80
79	81
80	82
81	83
82	85
83	86
84	87
85	88
86	89
87	90
88	91
89	92
90	93
91	94
92	95
93	96
94	97
95	98
96	99
97	100
98	101
99	102
100	103
101	104
102	105
103	106
104	107
105	108
106	109
107	110
108	111
109	112
110	113
111	114
112	115
113	116
114	117
115	118
116	119
117	120
118	121
119	122
120	123
121	125
122	126
123	127
124	128
125	129
126	130
127	131
128	132
129	133
130	134
131	135
132	136
133	137
134	138
135	139
136	140
137	141
138	142
139	143
140	145
141	146
142	147
143	148
144	149
145	150
146	151
147	153
148	154
149	155
150	156
151	157
152	158
153	159
154	160
155	161
156	162
157	163
158	164
159	165
160	166
161	167
162	168
163	170
164	171
165	172
166	173
167	174
168	175
169	176
170	177
171	178
172	179
173	181
174	182
175	183
176	184
177	186
178	188
179	189
180	190
181	191
182	192
183	193
184	194
185	195
186	196
187	197
188	198
189	199
190	200
191	201
192	202
193	203
194	204
195	205
196	206
197	207
198	208
199	209
200	210
201	211
202	212
203	213
204	215
205	216
206	217
207	218
208	219
209	221
210	222
211	223
212	224
213	225
214	226
215	227
216	228
217	229
218	231
219	232
220	234
221	235
222	236
223	237
224	238
225	239
226	240
227	241
228	242
229	243
230	244
231	245
232	246
233	247
234	248
235	250
236	251
237	252
238	253
239	254
240	255
241	256
242	257
243	258
244	259
245	260
246	261
247	262
248	263
249	264
250	265
251	266
252	271
253	273
254	274
255	276
256	277
257	279
258	280
259	281
260	282
261	283
262	286
263	287
264	289
265	290
266	291
267	292
268	293
269	294
270	295
271	296
272	300
273	302
274	303
275	304
276	305
277	306
278	307
279	308
280	311
281	313
282	315
283	317
284	318
285	319
286	320
287	323
288	324
289	325
290	326
291	327
292	329
293	331
294	332
295	334
296	335
297	336
298	337
299	338
300	340
301	341
302	343
303	344
304	345
305	346
306	347
307	348
308	350
309	351
310	353
311	354
312	355
313	356
314	357
315	359
316	360
317	361
318	362
319	365
320	366
321	367
322	368
323	369
324	370
325	371
326	372
327	373
328	374
329	375
330	377
331	378
332	380
333	381
334	382
335	383
336	384
337	385
338	386
339	387
340	388
341	389
342	390
343	391
344	392
345	393
346	394
347	395
348	396
349	397
350	398
351	399
352	400
353	401
354	402
355	403
356	404
357	405
358	406
359	407
360	408
361	409
362	410
363	411
364	412
365	413
366	417
367	418
368	419
369	420
370	421
371	423
372	424
373	426
374	427
375	428
376	429
377	431
378	432
379	433
380	434
381	435
382	436
383	437
384	439
385	440
386	442
387	443
388	444
389	445
390	447
391	9860
392	449
393	450
394	452
395	453
396	455
397	456
398	457
399	458
400	459
401	460
402	461
403	462
404	463
405	464
406	465
407	467
408	469
409	470
410	471
411	472
412	473
413	475
414	476
415	478
416	480
417	481
418	483
419	484
420	485
421	486
422	487
423	488
424	489
425	490
426	491
427	492
428	493
429	494
430	495
431	496
432	497
433	498
434	499
435	500
436	504
437	505
438	506
439	507
440	509
441	510
442	511
443	512
444	513
445	514
446	516
447	518
448	519
449	520
450	522
451	523
452	524
453	525
454	526
455	527
456	529
457	530
458	532
459	533
460	534
461	535
462	536
463	538
464	539
465	540
466	541
467	542
468	543
469	544
470	546
471	547
472	548
473	549
474	550
475	551
476	552
477	553
478	554
479	555
480	556
481	557
482	558
483	560
484	561
485	562
486	563
487	564
488	565
489	566
490	567
491	568
492	569
493	570
494	571
495	573
496	574
497	575
498	576
499	577
500	579
501	580
502	581
503	582
504	584
505	585
506	586
507	587
508	588
509	589
510	590
511	591
512	594
513	596
514	598
515	599
516	600
517	601
518	603
519	604
520	605
521	606
522	608
523	609
524	612
525	613
526	614
527	616
528	617
529	618
530	619
531	620
532	621
533	622
534	624
535	625
536	626
537	627
538	628
539	629
540	632
541	633
542	634
543	635
544	636
545	637
546	639
547	645
548	646
549	648
550	650
551	651
552	652
553	654
554	655
555	656
556	658
557	659
558	660
559	661
560	662
561	665
562	666
563	667
564	668
565	669
566	670
567	671
568	672
569	673
570	674
571	675
572	676
573	678
574	679
575	680
576	682
577	683
578	685
579	686
580	688
581	689
582	690
583	691
584	692
585	695
586	696
587	697
588	698
589	699
590	700
591	701
592	702
593	704
594	705
595	706
596	707
597	708
598	711
599	713
600	714
601	715
602	717
603	718
604	719
605	720
606	721
607	723
608	724
609	725
610	726
611	727
612	731
613	732
614	733
615	734
616	736
617	738
618	740
619	743
620	745
621	748
622	749
623	750
624	754
625	755
626	756
627	757
628	759
629	761
630	762
631	763
632	764
633	766
634	767
635	768
636	769
637	770
638	771
639	772
640	773
641	774
642	775
643	777
644	778
645	779
646	780
647	782
648	783
649	784
650	785
651	786
652	788
653	791
654	793
655	794
656	795
657	796
658	803
659	806
660	807
661	808
662	809
663	811
664	813
665	814
666	815
667	816
668	817
669	818
670	819
671	822
672	823
673	825
674	826
675	828
676	829
677	830
678	831
679	832
680	834
681	836
682	837
683	839
684	840
685	841
686	842
687	844
688	847
689	848
690	849
691	850
692	851
693	852
694	855
695	857
696	858
697	860
698	861
699	862
700	864
701	866
702	867
703	871
704	872
705	873
706	874
707	875
708	877
709	880
710	881
711	883
712	884
713	885
714	887
715	888
716	891
717	892
718	893
719	894
720	895
721	898
722	900
723	901
724	904
725	905
726	906
727	907
728	910
729	913
730	914
731	916
732	920
733	922
734	923
735	925
736	926
737	927
738	928
739	929
740	931
741	932
742	933
743	934
744	935
745	938
746	944
747	945
748	946
749	947
750	948
751	949
752	950
753	951
754	952
755	953
756	957
757	958
758	961
759	962
760	963
761	965
762	966
763	967
764	968
765	971
766	972
767	973
768	974
769	975
770	976
771	977
772	981
773	982
774	984
775	985
776	986
777	987
778	988
779	990
780	993
781	995
782	996
783	999
784	1000
785	1002
786	1003
787	1004
788	1008
789	1010
790	1012
791	1013
792	1014
793	1016
794	1017
795	1018
796	1019
797	1022
798	1023
799	1024
800	1025
801	1027
802	1028
803	1029
804	10835
805	1035
806	1038
807	1039
808	1041
809	1042
810	1043
811	1044
812	1045
813	1046
814	1047
815	1049
816	1050
817	1053
818	1055
819	1056
820	1060
821	1063
822	1064
823	1065
824	1067
825	1068
826	1070
827	1071
828	1072
829	1074
830	1075
831	1077
832	1078
833	1079
834	10906
835	1081
836	1082
837	1084
838	1085
839	1086
840	1087
841	1089
842	1093
843	1094
844	1095
845	1097
846	1099
847	1100
848	1101
849	1102
850	1107
851	1108
852	1110
853	1111
854	1112
855	1113
856	1116
857	1120
858	1121
859	1123
860	1124
861	1125
862	1126
863	1127
864	1128
865	1130
866	1131
867	1133
868	1134
869	1136
870	1137
871	1138
872	1139
873	1140
874	1141
875	1142
876	1143
877	1145
878	1146
879	1148
880	1149
881	1150
882	1153
883	1154
884	1157
885	1158
886	1159
887	1160
888	1162
889	1163
890	1167
891	1169
892	1171
893	1172
894	1173
895	1175
896	1176
897	1177
898	1179
899	1181
900	1182
901	1183
902	1184
903	1185
904	1186
905	1187
906	1189
907	1191
908	1192
909	1193
910	1194
911	1195
912	1197
913	1199
914	1200
915	1202
916	1204
917	1205
918	1207
919	1211
920	1214
921	1215
922	1216
923	1218
924	1220
925	1222
926	1224
927	1225
928	1226
929	1228
930	1229
931	1232
932	1234
933	1235
934	11183
935	1237
936	1238
937	1239
938	1240
939	1241
940	1242
941	1243
942	1247
943	1251
944	1254
945	1256
946	1258
947	1259
948	1261
949	1263
950	1264
951	1266
952	1268
953	1270
954	1271
955	1272
956	1273
957	1275
958	1276
959	1277
960	1280
961	1282
962	1284
963	1287
964	1288
965	14849
966	1290
967	1291
968	1294
969	1296
970	1297
971	1298
972	1299
973	1302
974	1303
975	1304
976	1307
977	1310
978	1312
979	1315
980	1323
981	1324
982	1325
983	1326
984	1327
985	1332
986	1334
987	1337
988	1338
989	1342
990	1343
991	1346
992	1347
993	1349
994	1350
995	1355
996	1356
997	1358
998	9499
999	1361
1000	1364
1001	1365
1002	1367
1003	1371
1004	1374
1005	1375
1006	1376
1007	1381
1008	1385
1009	1388
1010	1390
1011	1391
1012	1393
1013	1394
1014	1395
1015	1401
1016	1404
1017	1405
1018	1406
1019	1410
1020	1411
1021	1413
1022	1415
1023	1416
1024	1417
1025	1418
1026	1421
1027	1422
1028	1423
1029	1424
1030	1425
1031	1427
1032	1428
1033	11562
1034	1431
1035	1434
1036	1435
1037	1436
1038	1437
1039	1438
1040	1439
1041	1440
1042	1444
1043	1446
1044	1447
1045	1452
1046	1458
1047	1459
1048	1460
1049	1461
1050	1462
1051	1463
1052	1470
1053	1471
1054	1473
1055	1475
1056	1476
1057	1477
1058	1478
1059	1480
1060	1481
1061	1482
1062	1484
1063	1485
1064	1486
1065	1493
1066	1495
1067	1503
1068	1504
1069	1506
1070	1507
1071	1510
1072	1516
1073	1518
1074	1521
1075	1522
1076	1526
1077	1529
1078	1530
1079	1531
1080	1532
1081	1534
1082	1535
1083	1536
1084	1537
1085	1538
1086	1539
1087	1541
1088	1543
1089	1544
1090	1550
1091	1551
1092	1554
1093	1560
1094	1561
1095	1562
1096	1564
1097	1566
1098	1567
1099	1568
1100	1572
1101	1576
1102	1580
1103	1581
1104	1585
1105	1588
1106	1591
1107	1597
1108	1599
1109	1600
1110	1605
1111	1607
1112	1608
1113	1609
1114	1614
1115	1621
1116	1623
1117	1625
1118	1626
1119	1627
1120	1628
1121	1629
1122	1632
1123	1636
1124	1637
1125	1642
1126	1643
1127	1645
1128	1646
1129	11974
1130	1651
1131	1652
1132	1657
1133	1659
1134	1660
1135	1662
1136	1667
1137	1668
1138	1673
1139	1674
1140	1675
1141	1676
1142	1681
1143	1683
1144	1685
1145	1686
1146	1688
1147	1689
1148	1692
1149	1697
1150	1703
1151	1706
1152	1711
1153	1713
1154	1714
1155	1715
1156	1716
1157	1718
1158	1722
1159	1724
1160	1726
1161	1729
1162	1731
1163	1732
1164	1736
1165	1737
1166	1741
1167	1744
1168	1748
1169	1750
1170	1753
1171	1755
1172	1756
1173	1762
1174	1763
1175	1774
1176	1777
1177	1783
1178	1791
1179	1794
1180	1795
1181	1796
1182	1797
1183	1804
1184	1805
1185	1817
1186	1818
1187	1819
1188	1821
1189	1822
1190	1823
1191	1824
1192	1825
1193	1826
1194	12354
1195	1830
1196	1831
1197	1835
1198	1836
1199	1839
1200	1843
1201	1844
1202	1846
1203	1848
1204	1850
1205	1852
1206	1855
1207	1857
1208	1859
1209	1860
1210	1862
1211	1863
1212	1871
1213	1872
1214	1873
1215	1875
1216	1877
1217	1878
1218	1879
1219	1880
1220	1881
1221	1883
1222	1884
1223	1886
1224	1888
1225	1889
1226	1890
1227	1894
1228	1895
1229	1897
1230	1899
1231	1902
1232	1903
1233	1905
1234	1906
1235	1907
1236	1909
1237	1911
1238	1912
1239	1913
1240	1914
1241	1916
1242	1917
1243	1918
1244	1920
1245	1922
1246	1927
1247	1928
1248	1931
1249	1932
1250	1933
1251	1940
1252	1943
1253	1944
1254	1947
1255	1950
1256	1951
1257	1953
1258	1956
1259	1957
1260	1961
1261	1965
1262	1967
1263	1972
1264	1975
1265	1977
1266	1978
1267	1979
1268	1980
1269	1981
1270	1983
1271	1984
1272	1990
1273	1993
1274	1995
1275	2004
1276	2005
1277	2010
1278	2012
1279	2017
1280	2031
1281	2032
1282	2034
1283	2036
1284	2040
1285	2044
1286	2047
1287	2048
1288	2049
1289	2051
1290	2053
1291	2054
1292	2057
1293	2060
1294	2061
1295	2063
1296	2073
1297	2077
1298	2079
1299	2081
1300	2082
1301	2086
1302	2087
1303	2088
1304	2094
1305	9242
1306	2096
1307	2101
1308	2106
1309	2107
1310	2112
1311	2114
1312	2115
1313	2116
1314	2117
1315	2119
1316	2120
1317	2122
1318	2125
1319	2128
1320	2130
1321	2131
1322	9695
1323	2134
1324	13000
1325	2138
1326	2142
1327	2143
1328	2149
1329	2151
1330	2152
1331	2153
1332	2158
1333	2159
1334	2161
1335	2162
1336	2166
1337	2171
1338	2175
1339	2176
1340	2177
1341	2179
1342	2182
1343	2183
1344	2187
1345	2188
1346	2189
1347	2192
1348	2193
1349	2194
1350	2195
1351	2197
1352	2198
1353	2200
1354	2202
1355	2204
1356	2210
1357	2214
1358	2215
1359	2216
1360	2222
1361	2230
1362	2239
1363	2240
1364	2243
1365	2246
1366	2250
1367	2252
1368	2253
1369	2262
1370	2266
1371	2272
1372	2277
1373	2278
1374	9737
1375	2285
1376	2288
1377	2293
1378	2296
1379	2297
1380	2298
1381	2300
1382	2301
1383	2304
1384	2319
1385	2324
1386	2327
1387	2328
1388	2329
1389	2333
1390	2337
1391	2339
1392	2349
1393	2350
1394	2351
1395	2353
1396	2356
1397	2357
1398	2358
1399	2359
1400	2363
1401	2364
1402	2367
1403	2368
1404	2369
1405	2378
1406	2382
1407	2386
1408	2392
1409	2394
1410	9774
1411	2404
1412	2405
1413	2414
1414	2415
1415	2419
1416	2421
1417	2423
1418	2428
1419	2432
1420	2433
1421	2435
1422	2437
1423	2439
1424	2444
1425	2445
1426	2451
1427	2455
1428	2458
1429	2460
1430	2463
1431	2472
1432	2474
1433	2475
1434	2478
1435	2482
1436	2492
1437	2501
1438	2502
1439	2514
1440	2516
1441	2517
1442	2520
1443	2521
1444	2523
1445	2538
1446	2539
1447	2543
1448	2544
1449	2555
1450	2558
1451	2565
1452	2567
1453	2570
1454	2578
1455	2584
1456	2593
1457	2594
1458	2596
1459	2597
1460	2604
1461	9842
1462	9845
1463	2621
1464	2622
1465	2626
1466	2628
1467	2633
1468	2640
1469	2645
1470	2647
1471	2648
1472	2655
1473	2661
1474	2664
1475	2668
1476	2672
1477	2686
1478	2696
1479	2703
1480	2706
1481	2708
1482	2709
1483	2713
1484	2715
1485	2720
1486	2731
1487	2732
1488	2733
1489	2737
1490	2738
1491	2739
1492	2743
1493	2744
1494	2749
1495	2757
1496	2761
1497	2783
1498	2786
1499	2788
1500	2790
1501	2802
1502	2804
1503	2806
1504	2808
1505	2810
1506	2811
1507	2813
1508	2815
1509	2819
1510	2820
1511	2821
1512	2824
1513	2835
1514	2839
1515	2841
1516	2848
1517	2850
1518	2852
1519	2861
1520	2862
1521	2864
1522	2865
1523	2872
1524	2875
1525	2876
1526	2878
1527	2879
1528	2881
1529	2885
1530	2887
1531	2891
1532	2892
1533	2897
1534	2905
1535	2910
1536	2919
1537	2920
1538	2925
1539	2928
1540	2930
1541	2934
1542	2939
1543	2944
1544	2946
1545	2948
1546	2949
1547	2950
1548	2951
1549	2952
1550	2965
1551	2975
1552	2982
1553	2983
1554	2985
1555	2987
1556	2990
1557	2993
1558	2994
1559	2996
1560	3002
1561	3005
1562	3006
1563	3009
1564	3013
1565	3017
1566	3021
1567	3037
1568	3056
1569	3059
1570	3063
1571	3067
1572	3070
1573	3088
1574	3094
1575	3095
1576	3097
1577	3098
1578	3103
1579	3109
1580	3112
1581	3120
1582	3125
1583	3129
1584	3131
1585	3145
1586	3147
1587	3165
1588	3170
1589	3183
1590	3185
1591	3186
1592	3197
1593	3204
1594	3205
1595	3210
1596	3212
1597	3216
1598	3219
1599	9998
1600	3237
1601	3238
1602	3241
1603	3243
1604	3249
1605	3251
1606	3256
1607	3264
1608	3265
1609	3269
1610	3270
1611	3271
1612	3272
1613	3274
1614	3277
1615	3279
1616	3280
1617	3282
1618	3288
1619	3291
1620	3295
1621	3296
1622	3305
1623	3310
1624	3318
1625	3320
1626	3325
1627	3332
1628	3342
1629	3344
1630	3354
1631	3355
1632	3356
1633	3360
1634	3366
1635	3367
1636	3371
1637	3372
1638	3378
1639	3381
1640	3384
1641	3395
1642	3398
1643	3399
1644	3401
1645	3406
1646	3412
1647	3414
1648	3418
1649	3419
1650	3429
1651	3443
1652	3459
1653	3464
1654	3465
1655	3467
1656	3471
1657	3484
1658	3486
1659	3487
1660	3489
1661	3497
1662	3500
1663	3503
1664	3504
1665	3506
1666	3512
1667	3513
1668	3518
1669	3533
1670	3534
1671	3539
1672	3542
1673	3544
1674	3549
1675	3552
1676	3558
1677	3568
1678	3587
1679	3592
1680	3594
1681	3605
1682	3606
1683	9595
1684	3619
1685	3623
1686	3632
1687	3636
1688	3637
1689	10109
1690	3642
1691	3646
1692	3652
1693	3657
1694	3667
1695	3668
1696	3677
1697	3678
1698	3681
1699	3694
1700	3700
1701	3707
1702	3709
1703	3723
1704	10127
1705	3728
1706	3733
1707	3749
1708	3758
1709	3761
1710	3762
1711	3764
1712	3768
1713	3781
1714	3797
1715	3800
1716	3804
1717	3805
1718	3812
1719	3813
1720	3824
1721	3825
1722	3857
1723	3860
1724	3862
1725	3868
1726	3871
1727	3882
1728	9175
1729	3891
1730	3892
1731	3915
1732	3923
1733	3925
1734	3930
1735	3931
1736	3936
1737	3941
1738	3942
1739	3955
1740	3958
1741	3968
1742	3970
1743	3972
1744	3978
1745	3982
1746	3983
1747	3984
1748	3985
1749	3987
1750	3996
1751	4000
1752	12776
1753	4010
1754	4013
1755	4027
1756	4031
1757	4033
1758	17749
1759	4042
1760	4053
1761	4056
1762	4057
1763	4068
1764	4072
1765	4076
1766	4079
1767	4081
1768	4083
1769	4089
1770	4113
1771	4122
1772	4147
1773	4176
1774	4180
1775	4186
1776	4191
1777	4192
1778	4197
1779	4202
1780	4212
1781	4224
1782	4239
1783	4250
1784	4268
1785	4273
1786	4286
1787	4288
1788	4290
1789	4292
1790	4302
1791	4314
1792	4315
1793	9515
1794	4321
1795	4335
1796	4350
1797	4356
1798	4366
1799	4369
1800	4389
1801	4392
1802	4399
1803	4411
1804	4414
1805	4428
1806	4437
1807	4445
1808	4449
1809	4451
1810	4469
1811	4476
1812	4483
1813	4488
1814	4495
1815	4496
1816	4504
1817	4512
1818	4535
1819	4542
1820	4548
1821	4553
1822	4555
1823	4564
1824	4570
1825	4584
1826	4589
1827	4595
1828	4609
1829	4615
1830	4619
1831	4620
1832	4625
1833	4637
1834	4646
1835	4650
1836	4652
1837	4654
1838	4656
1839	4660
1840	4675
1841	19908
1842	4694
1843	4704
1844	4707
1845	4726
1846	4727
1847	4729
1848	4742
1849	4751
1850	4754
1851	4759
1852	4776
1853	4784
1854	4792
1855	4815
1856	4857
1857	4862
1858	4869
1859	4880
1860	4894
1861	4898
1862	4926
1863	4929
1864	4935
1865	4936
1866	4963
1867	4984
1868	4985
1869	4997
1870	5002
1871	5009
1872	5024
1873	5037
1874	5042
1875	5047
1876	5054
1877	5057
1878	5058
1879	5066
1880	5078
1881	5080
1882	5085
1883	5101
1884	5106
1885	5107
1886	5108
1887	5146
1888	5150
1889	5159
1890	5162
1891	5164
1892	5166
1893	5168
1894	5184
1895	5197
1896	5211
1897	5216
1898	5234
1899	9413
1900	5258
1901	5276
1902	5324
1903	5354
1904	5359
1905	5364
1906	5369
1907	5424
1908	5426
1909	5430
1910	5444
1911	5447
1912	5479
1913	5512
1914	5514
1915	5610
1916	5620
1917	5635
1918	5653
1919	5665
1920	5717
1921	5774
1922	5800
1923	5805
1924	5863
1925	5900
1926	5921
1927	5947
1928	6003
1929	6095
1930	6175
1931	6211
1932	6216
1933	6226
1934	6263
1935	6279
1936	6282
1937	6348
1938	6369
1939	6378
1940	6444
1941	6460
1942	6467
1943	6488
1944	6491
1945	6525
1946	6539
1947	6549
1948	6554
1949	6571
1950	6575
1951	6586
1952	6598
1953	6629
1954	6694
1955	6734
1956	6758
1957	6794
1958	6799
1959	6817
1960	10917
1961	6902
1962	6949
1963	7011
1964	7044
1965	7186
1966	7280
1967	7310
1968	7311
1969	7330
1970	7356
1971	7395
1972	7494
1973	7518
1974	7585
1975	7586
1976	10073
1977	7672
1978	7755
1979	7777
1980	7932
1981	7995
1982	8014
1983	8057
1984	8100
1985	8107
1986	13035
1987	8274
1988	8349
1989	8369
1990	8406
1991	8461
1992	8525
1993	8550
1994	8551
1995	8564
1996	8742
1997	8840
1998	8877
1999	9064
