0	2
1	3
2	4
3	5
4	6
5	7
6	8
7	9
8	10
9	11
10	12
11	13
12	14
13	15
14	16
15	17
16	18
17	19
18	20
19	21
20	22
21	23
22	24
23	25
24	26
25	27
26	28
27	29
28	30
29	31
30	32
31	33
32	34
33	35
34	36
35	37
36	38
37	39
38	40
39	41
40	42
41	43
42	44
43	45
44	46
45	47
46	48
47	49
48	50
49	51
50	52
51	53
52	54
53	55
54	56
55	57
56	58
57	59
58	60
59	61
60	62
61	63
62	64
63	65
64	66
65	67
66	68
67	69
68	70
69	71
70	73
71	74
72	75
73	76
74	77
75	78
76	79
77	80
78	81
79	82
80	83
81	84
82	85
83	86
84	88
85	89
86	90
87	91
88	92
89	93
90	94
91	95
92	96
93	97
94	98
95	99
96	100
97	101
98	102
99	103
100	106
101	107
102	108
103	109
104	110
105	111
106	112
107	113
108	114
109	115
110	116
111	117
112	118
113	119
114	120
115	121
116	122
117	123
118	124
119	125
120	126
121	128
122	129
123	131
124	132
125	133
126	134
127	135
128	136
129	137
130	138
131	139
132	140
133	141
134	142
135	143
136	144
137	146
138	147
139	148
140	149
141	151
142	152
143	153
144	154
145	155
146	156
147	157
148	9256
149	159
150	160
151	161
152	162
153	163
154	164
155	165
156	166
157	167
158	168
159	169
160	170
161	171
162	172
163	173
164	177
165	178
166	179
167	180
168	181
169	182
170	183
171	184
172	185
173	186
174	187
175	189
176	191
177	192
178	193
179	194
180	195
181	196
182	197
183	198
184	199
185	200
186	201
187	202
188	203
189	204
190	205
191	206
192	207
193	208
194	209
195	210
196	211
197	212
198	213
199	214
200	215
201	216
202	217
203	218
204	219
205	220
206	221
207	222
208	223
209	224
210	225
211	226
212	228
213	230
214	231
215	232
216	235
217	236
218	237
219	238
220	239
221	240
222	241
223	242
224	243
225	244
226	245
227	246
228	247
229	248
230	249
231	251
232	252
233	253
234	254
235	255
236	256
237	257
238	258
239	259
240	260
241	261
242	262
243	263
244	264
245	265
246	266
247	267
248	268
249	270
250	271
251	272
252	273
253	274
254	275
255	276
256	277
257	279
258	280
259	281
260	282
261	283
262	284
263	285
264	286
265	287
266	288
267	289
268	290
269	292
270	293
271	294
272	295
273	296
274	297
275	298
276	299
277	300
278	301
279	302
280	303
281	304
282	305
283	306
284	307
285	308
286	309
287	310
288	312
289	313
290	314
291	315
292	316
293	317
294	318
295	319
296	320
297	321
298	322
299	323
300	324
301	325
302	326
303	327
304	328
305	329
306	330
307	331
308	332
309	334
310	335
311	336
312	337
313	338
314	339
315	341
316	342
317	343
318	344
319	345
320	346
321	347
322	348
323	350
324	351
325	352
326	354
327	355
328	356
329	357
330	359
331	361
332	364
333	367
334	368
335	369
336	370
337	372
338	373
339	374
340	376
341	377
342	378
343	379
344	380
345	381
346	382
347	383
348	384
349	385
350	386
351	387
352	388
353	389
354	390
355	394
356	395
357	396
358	397
359	398
360	399
361	400
362	401
363	402
364	403
365	404
366	405
367	407
368	408
369	409
370	410
371	411
372	413
373	414
374	415
375	416
376	417
377	418
378	420
379	421
380	422
381	423
382	424
383	425
384	426
385	428
386	430
387	431
388	432
389	433
390	434
391	435
392	436
393	437
394	440
395	442
396	444
397	445
398	446
399	447
400	449
401	450
402	451
403	453
404	454
405	455
406	456
407	457
408	459
409	460
410	461
411	463
412	464
413	465
414	466
415	467
416	468
417	469
418	470
419	472
420	473
421	474
422	475
423	476
424	477
425	478
426	479
427	480
428	481
429	482
430	483
431	484
432	485
433	486
434	488
435	489
436	491
437	492
438	493
439	496
440	497
441	498
442	499
443	500
444	501
445	502
446	503
447	504
448	505
449	507
450	508
451	509
452	510
453	513
454	514
455	516
456	517
457	519
458	521
459	523
460	524
461	525
462	527
463	528
464	529
465	530
466	531
467	532
468	534
469	536
470	537
471	538
472	540
473	541
474	542
475	543
476	544
477	545
478	546
479	548
480	549
481	550
482	552
483	553
484	555
485	556
486	557
487	558
488	559
489	560
490	561
491	562
492	564
493	565
494	9886
495	567
496	568
497	569
498	570
499	572
500	573
501	574
502	575
503	576
504	577
505	579
506	583
507	584
508	585
509	586
510	587
511	588
512	590
513	591
514	595
515	596
516	597
517	598
518	601
519	602
520	603
521	604
522	606
523	609
524	611
525	614
526	615
527	616
528	617
529	618
530	620
531	621
532	622
533	625
534	628
535	630
536	631
537	633
538	634
539	635
540	636
541	639
542	640
543	642
544	643
545	645
546	646
547	647
548	648
549	649
550	650
551	651
552	652
553	653
554	654
555	657
556	658
557	659
558	660
559	661
560	663
561	664
562	665
563	667
564	668
565	669
566	670
567	671
568	672
569	675
570	676
571	677
572	679
573	680
574	681
575	682
576	683
577	686
578	687
579	689
580	690
581	691
582	693
583	694
584	695
585	697
586	698
587	699
588	701
589	702
590	706
591	708
592	709
593	710
594	711
595	712
596	713
597	715
598	716
599	720
600	721
601	724
602	725
603	726
604	727
605	729
606	730
607	731
608	732
609	733
610	734
611	735
612	736
613	737
614	738
615	740
616	742
617	743
618	744
619	745
620	746
621	747
622	748
623	750
624	751
625	753
626	756
627	757
628	760
629	761
630	762
631	765
632	767
633	769
634	770
635	771
636	772
637	773
638	776
639	777
640	778
641	779
642	780
643	781
644	783
645	784
646	785
647	786
648	788
649	789
650	791
651	792
652	794
653	795
654	796
655	797
656	798
657	799
658	800
659	802
660	803
661	804
662	805
663	806
664	807
665	808
666	809
667	9467
668	812
669	814
670	815
671	816
672	818
673	820
674	822
675	823
676	824
677	826
678	827
679	828
680	829
681	834
682	835
683	836
684	837
685	840
686	846
687	848
688	849
689	850
690	853
691	854
692	855
693	856
694	857
695	859
696	860
697	861
698	862
699	863
700	864
701	865
702	867
703	869
704	870
705	874
706	875
707	877
708	879
709	880
710	881
711	883
712	885
713	886
714	887
715	889
716	891
717	892
718	893
719	895
720	897
721	898
722	900
723	903
724	904
725	905
726	907
727	908
728	909
729	910
730	911
731	912
732	913
733	915
734	916
735	918
736	920
737	921
738	927
739	928
740	929
741	930
742	931
743	932
744	933
745	934
746	935
747	937
748	939
749	940
750	941
751	942
752	943
753	944
754	946
755	948
756	950
757	955
758	958
759	960
760	961
761	962
762	965
763	966
764	967
765	969
766	970
767	971
768	972
769	973
770	975
771	976
772	979
773	980
774	984
775	985
776	988
777	989
778	991
779	993
780	994
781	996
782	999
783	1000
784	1001
785	1002
786	1003
787	1009
788	1011
789	1015
790	1016
791	1017
792	1018
793	1019
794	1021
795	1022
796	1023
797	1024
798	1025
799	1028
800	1031
801	1032
802	1034
803	1035
804	1036
805	1037
806	1039
807	1040
808	1041
809	1042
810	1043
811	1044
812	1048
813	1049
814	1050
815	1051
816	1052
817	1053
818	1055
819	1056
820	1059
821	1062
822	1063
823	1064
824	1065
825	1067
826	1069
827	1072
828	1073
829	1074
830	1075
831	1076
832	1082
833	9291
834	1084
835	1085
836	1086
837	1087
838	1089
839	1090
840	1091
841	1092
842	1094
843	1095
844	1097
845	1098
846	1100
847	1103
848	1104
849	1105
850	1106
851	1110
852	1111
853	1113
854	1115
855	1116
856	1117
857	1118
858	1119
859	1120
860	1121
861	1124
862	1125
863	1127
864	1134
865	1135
866	1137
867	1138
868	1141
869	1142
870	1143
871	1144
872	1146
873	1150
874	1152
875	1153
876	1154
877	1155
878	1156
879	1157
880	1160
881	1161
882	1162
883	1164
884	1166
885	1168
886	1169
887	1170
888	1172
889	1173
890	1174
891	1175
892	1176
893	1177
894	1179
895	1180
896	1182
897	1184
898	1186
899	1189
900	1190
901	1191
902	1193
903	1194
904	1195
905	1198
906	1199
907	1204
908	1206
909	1208
910	1209
911	1210
912	1211
913	1212
914	1215
915	1219
916	1220
917	1221
918	1222
919	1223
920	1224
921	11012
922	1226
923	1227
924	1230
925	1231
926	1232
927	1233
928	1236
929	1239
930	1240
931	1242
932	1246
933	1248
934	1251
935	1255
936	1257
937	1258
938	1261
939	1262
940	1263
941	1264
942	1266
943	1268
944	1271
945	1272
946	1273
947	1274
948	1275
949	1279
950	1281
951	1282
952	1285
953	1286
954	1287
955	1289
956	1290
957	1292
958	1293
959	1296
960	1297
961	1298
962	1299
963	1303
964	1305
965	1306
966	1307
967	1310
968	1311
969	1313
970	1314
971	1315
972	1316
973	1320
974	1323
975	1326
976	1327
977	1329
978	1330
979	1331
980	1332
981	1333
982	1334
983	1335
984	1337
985	1339
986	1340
987	1342
988	1343
989	1344
990	1345
991	1346
992	1348
993	1349
994	1353
995	1354
996	1355
997	1356
998	1358
999	1359
1000	1360
1001	1361
1002	1362
1003	1363
1004	1364
1005	1368
1006	1372
1007	1373
1008	1375
1009	1376
1010	1377
1011	1379
1012	1380
1013	1382
1014	1383
1015	1384
1016	1385
1017	1387
1018	1388
1019	1390
1020	1397
1021	1399
1022	1401
1023	1402
1024	1404
1025	1407
1026	1408
1027	1409
1028	1410
1029	1412
1030	1413
1031	1414
1032	1415
1033	1421
1034	1423
1035	1427
1036	1429
1037	1431
1038	1435
1039	1436
1040	1439
1041	1440
1042	1441
1043	1445
1044	1446
1045	1447
1046	1448
1047	9939
1048	1450
1049	1451
1050	1452
1051	1455
1052	1456
1053	1458
1054	1460
1055	1463
1056	1465
1057	1467
1058	1468
1059	1471
1060	1475
1061	1476
1062	1477
1063	1478
1064	1485
1065	1486
1066	1489
1067	1491
1068	1495
1069	1501
1070	1512
1071	1515
1072	1519
1073	1520
1074	1523
1075	1526
1076	1529
1077	1530
1078	1532
1079	1533
1080	1535
1081	1536
1082	1538
1083	1542
1084	1543
1085	1544
1086	1545
1087	1546
1088	1547
1089	1548
1090	1551
1091	1554
1092	1555
1093	1557
1094	1562
1095	1563
1096	1564
1097	1566
1098	1567
1099	1569
1100	1570
1101	1573
1102	1574
1103	1575
1104	1579
1105	1584
1106	1585
1107	1586
1108	1587
1109	1589
1110	1591
1111	1596
1112	1597
1113	1599
1114	1601
1115	1603
1116	1605
1117	1607
1118	1614
1119	1619
1120	1620
1121	1621
1122	1625
1123	1627
1124	1628
1125	1633
1126	1634
1127	1636
1128	1637
1129	1639
1130	1641
1131	1643
1132	1646
1133	1648
1134	1649
1135	1654
1136	1662
1137	1664
1138	1671
1139	1673
1140	1675
1141	1678
1142	1679
1143	1680
1144	1682
1145	1684
1146	1687
1147	1688
1148	1689
1149	1690
1150	1691
1151	1694
1152	1695
1153	1696
1154	1698
1155	1703
1156	1705
1157	1708
1158	1709
1159	1710
1160	1712
1161	1714
1162	1717
1163	1718
1164	1719
1165	1720
1166	1721
1167	1725
1168	1726
1169	1727
1170	1728
1171	1730
1172	1733
1173	1738
1174	1739
1175	1740
1176	1743
1177	1744
1178	1745
1179	1748
1180	1749
1181	1754
1182	1755
1183	1757
1184	1763
1185	1764
1186	1765
1187	1768
1188	1770
1189	1775
1190	1779
1191	1784
1192	1786
1193	1787
1194	1793
1195	1795
1196	1799
1197	1802
1198	1804
1199	1806
1200	1807
1201	1808
1202	1809
1203	1810
1204	1813
1205	1814
1206	1816
1207	1818
1208	1822
1209	1824
1210	1825
1211	1831
1212	1833
1213	1834
1214	1835
1215	1839
1216	1841
1217	1842
1218	1843
1219	1846
1220	1847
1221	1855
1222	1857
1223	1859
1224	1860
1225	1861
1226	1864
1227	1867
1228	1868
1229	1869
1230	1874
1231	1876
1232	1877
1233	1878
1234	1880
1235	1884
1236	1885
1237	1886
1238	1890
1239	1891
1240	1892
1241	1893
1242	1896
1243	1897
1244	1898
1245	1899
1246	1902
1247	1903
1248	1904
1249	1905
1250	1908
1251	1909
1252	1910
1253	1916
1254	1918
1255	1920
1256	1924
1257	1925
1258	1928
1259	1929
1260	1934
1261	1937
1262	1940
1263	1941
1264	1945
1265	1951
1266	1955
1267	1957
1268	1960
1269	1961
1270	1972
1271	1974
1272	1978
1273	1982
1274	1983
1275	1987
1276	1990
1277	1991
1278	1992
1279	1994
1280	1997
1281	2000
1282	2003
1283	2006
1284	2017
1285	2020
1286	2022
1287	2023
1288	2024
1289	2025
1290	2026
1291	2030
1292	2031
1293	2032
1294	2035
1295	2036
1296	2037
1297	2040
1298	2041
1299	2043
1300	2045
1301	2046
1302	2047
1303	2048
1304	2049
1305	2052
1306	2055
1307	2066
1308	2067
1309	2069
1310	2072
1311	2073
1312	2074
1313	2075
1314	2079
1315	2081
1316	2083
1317	2086
1318	2091
1319	2092
1320	2093
1321	2097
1322	2099
1323	2103
1324	2104
1325	2105
1326	2106
1327	2108
1328	2109
1329	2115
1330	2119
1331	2139
1332	2142
1333	2144
1334	2146
1335	2148
1336	2150
1337	2151
1338	2154
1339	2155
1340	2164
1341	2165
1342	2168
1343	2170
1344	2171
1345	2173
1346	2175
1347	2178
1348	2184
1349	2194
1350	2199
1351	2204
1352	2206
1353	2207
1354	2214
1355	2216
1356	2220
1357	2224
1358	2226
1359	2232
1360	2234
1361	2235
1362	2237
1363	2242
1364	2244
1365	2247
1366	2248
1367	2250
1368	2254
1369	2259
1370	2265
1371	2268
1372	2279
1373	2280
1374	2285
1375	2291
1376	2292
1377	2293
1378	13024
1379	2304
1380	2306
1381	2307
1382	2314
1383	2315
1384	2317
1385	2325
1386	2327
1387	2329
1388	2330
1389	2333
1390	2334
1391	2335
1392	2337
1393	2339
1394	2342
1395	2349
1396	2353
1397	2355
1398	2356
1399	2358
1400	2362
1401	2368
1402	2374
1403	2377
1404	2382
1405	2383
1406	2385
1407	2386
1408	2390
1409	2393
1410	2396
1411	2397
1412	2398
1413	2400
1414	2402
1415	2405
1416	2407
1417	2409
1418	2415
1419	2418
1420	2421
1421	2422
1422	2424
1423	2427
1424	2428
1425	2429
1426	2436
1427	2437
1428	2438
1429	2440
1430	2443
1431	2446
1432	2453
1433	2466
1434	2469
1435	2477
1436	2481
1437	2484
1438	2487
1439	2488
1440	2489
1441	2492
1442	2499
1443	2501
1444	2503
1445	2505
1446	2507
1447	2510
1448	2511
1449	2513
1450	2515
1451	2516
1452	2522
1453	2525
1454	2527
1455	2538
1456	2539
1457	2541
1458	2552
1459	2555
1460	2556
1461	2560
1462	2562
1463	2567
1464	2569
1465	2572
1466	2576
1467	2577
1468	2582
1469	2583
1470	2594
1471	2595
1472	2596
1473	2597
1474	2598
1475	2601
1476	2603
1477	2607
1478	2608
1479	2609
1480	2613
1481	2618
1482	2619
1483	2620
1484	2621
1485	2622
1486	2623
1487	2626
1488	2629
1489	2630
1490	2640
1491	2642
1492	2648
1493	2653
1494	2656
1495	2657
1496	2660
1497	2668
1498	2669
1499	2674
1500	2677
1501	2678
1502	2680
1503	2682
1504	2684
1505	2695
1506	2697
1507	2701
1508	2705
1509	2708
1510	2715
1511	2717
1512	2722
1513	2724
1514	2730
1515	2732
1516	2743
1517	2753
1518	2756
1519	2758
1520	2759
1521	2761
1522	14101
1523	2768
1524	2774
1525	2778
1526	2785
1527	2786
1528	2787
1529	2792
1530	2797
1531	2799
1532	14204
1533	2803
1534	2806
1535	2813
1536	2817
1537	2823
1538	2834
1539	2838
1540	2845
1541	2847
1542	2851
1543	2852
1544	2858
1545	2863
1546	2869
1547	2873
1548	2877
1549	2885
1550	2887
1551	2895
1552	2901
1553	2910
1554	2913
1555	2918
1556	12097
1557	2922
1558	2924
1559	2929
1560	2932
1561	2936
1562	2937
1563	2941
1564	2945
1565	2948
1566	2950
1567	2953
1568	2957
1569	2960
1570	2962
1571	2964
1572	2966
1573	2970
1574	2984
1575	2991
1576	2999
1577	3003
1578	3009
1579	3013
1580	3015
1581	3018
1582	9172
1583	3039
1584	3043
1585	3044
1586	3045
1587	3055
1588	3059
1589	3060
1590	3066
1591	3070
1592	3077
1593	3087
1594	3088
1595	3090
1596	3093
1597	3106
1598	3108
1599	3120
1600	3124
1601	3127
1602	3129
1603	3130
1604	3131
1605	3133
1606	3140
1607	3141
1608	3143
1609	3149
1610	3151
1611	3154
1612	3163
1613	3167
1614	3174
1615	3176
1616	3179
1617	3187
1618	3188
1619	3194
1620	3198
1621	3200
1622	3202
1623	3203
1624	3210
1625	3215
1626	3219
1627	3221
1628	3222
1629	3234
1630	3236
1631	3259
1632	3260
1633	3271
1634	3275
1635	15421
1636	3280
1637	3283
1638	3291
1639	3293
1640	3299
1641	3307
1642	3323
1643	3344
1644	3354
1645	3358
1646	3360
1647	3361
1648	3369
1649	3371
1650	3376
1651	3382
1652	3396
1653	3403
1654	3408
1655	3410
1656	3415
1657	3438
1658	3445
1659	3446
1660	3449
1661	3450
1662	3461
1663	3463
1664	3467
1665	3468
1666	3471
1667	3474
1668	3478
1669	3495
1670	3496
1671	3503
1672	3504
1673	3513
1674	3531
1675	3534
1676	3537
1677	3543
1678	3544
1679	3545
1680	3552
1681	3554
1682	3555
1683	3557
1684	3566
1685	3575
1686	3580
1687	3581
1688	3586
1689	9929
1690	3602
1691	3605
1692	3618
1693	3619
1694	3622
1695	3648
1696	3655
1697	3656
1698	3658
1699	3672
1700	3676
1701	3688
1702	3690
1703	3693
1704	3696
1705	3713
1706	3715
1707	3718
1708	3723
1709	3730
1710	3743
1711	3752
1712	3756
1713	3762
1714	3765
1715	3769
1716	3770
1717	3771
1718	3792
1719	3805
1720	3811
1721	3812
1722	3821
1723	3832
1724	3836
1725	3837
1726	3840
1727	3842
1728	3846
1729	3849
1730	3854
1731	3855
1732	3857
1733	3863
1734	3867
1735	3873
1736	3876
1737	3878
1738	3879
1739	3880
1740	3881
1741	3884
1742	3887
1743	3904
1744	3907
1745	3932
1746	3941
1747	3949
1748	10020
1749	3964
1750	3967
1751	3980
1752	3982
1753	3989
1754	3995
1755	3999
1756	4000
1757	4001
1758	4002
1759	4034
1760	10043
1761	4038
1762	4039
1763	4047
1764	4053
1765	4064
1766	4066
1767	4074
1768	4087
1769	4104
1770	4105
1771	4113
1772	4115
1773	4118
1774	4126
1775	4129
1776	4149
1777	4160
1778	4171
1779	4172
1780	4181
1781	4182
1782	4203
1783	4225
1784	4226
1785	4240
1786	4241
1787	4242
1788	4243
1789	4251
1790	4253
1791	4268
1792	4274
1793	4282
1794	4284
1795	4288
1796	4290
1797	4309
1798	4317
1799	4323
1800	4338
1801	4353
1802	4354
1803	4357
1804	4380
1805	4400
1806	4405
1807	4412
1808	4442
1809	4444
1810	4447
1811	18908
1812	4451
1813	4452
1814	4458
1815	4488
1816	4499
1817	4504
1818	4507
1819	4521
1820	4525
1821	4530
1822	4559
1823	4567
1824	4581
1825	4583
1826	4630
1827	4649
1828	4651
1829	4655
1830	4693
1831	4696
1832	4697
1833	4724
1834	4736
1835	4751
1836	4753
1837	4774
1838	4775
1839	4782
1840	4783
1841	4788
1842	4848
1843	4857
1844	4876
1845	4903
1846	4905
1847	4919
1848	4934
1849	4939
1850	4962
1851	4998
1852	5001
1853	5008
1854	5014
1855	5026
1856	5046
1857	5047
1858	5063
1859	5069
1860	5090
1861	5092
1862	5095
1863	5101
1864	5112
1865	5121
1866	5140
1867	5150
1868	5151
1869	5178
1870	5189
1871	5190
1872	5194
1873	5211
1874	5225
1875	5226
1876	5250
1877	5259
1878	5263
1879	5317
1880	5340
1881	5355
1882	5386
1883	5412
1884	5433
1885	5435
1886	5456
1887	5464
1888	5469
1889	5495
1890	5497
1891	5519
1892	5534
1893	5538
1894	5545
1895	5572
1896	5579
1897	5582
1898	5600
1899	5604
1900	5639
1901	5644
1902	5660
1903	5661
1904	5663
1905	10470
1906	5701
1907	5705
1908	5728
1909	5747
1910	5752
1911	5763
1912	5768
1913	5775
1914	5822
1915	5826
1916	5839
1917	5851
1918	5877
1919	5892
1920	5919
1921	5920
1922	5960
1923	5985
1924	6004
1925	6083
1926	6115
1927	6118
1928	6126
1929	6155
1930	6165
1931	6166
1932	6203
1933	6228
1934	6230
1935	6242
1936	6244
1937	6271
1938	6278
1939	6312
1940	6326
1941	6343
1942	6345
1943	6355
1944	6371
1945	6398
1946	6416
1947	9319
1948	6560
1949	13327
1950	6638
1951	6639
1952	6655
1953	6658
1954	6710
1955	6723
1956	6725
1957	6738
1958	6739
1959	6807
1960	6866
1961	6891
1962	6959
1963	7001
1964	7039
1965	7069
1966	7075
1967	7102
1968	7204
1969	7207
1970	7260
1971	10886
1972	7293
1973	7316
1974	7354
1975	7362
1976	7375
1977	7398
1978	7402
1979	7419
1980	7605
1981	7726
1982	7743
1983	7819
1984	7843
1985	7935
1986	8017
1987	8043
1988	8168
1989	8173
1990	8208
1991	8309
1992	8435
1993	8650
1994	8697
1995	8732
1996	8804
1997	8870
1998	8975
1999	8985
