0	2
1	3
2	4
3	5
4	6
5	7
6	8
7	9
8	10
9	11
10	12
11	13
12	14
13	15
14	16
15	17
16	18
17	19
18	20
19	21
20	22
21	23
22	24
23	25
24	26
25	27
26	28
27	29
28	30
29	31
30	32
31	33
32	34
33	35
34	36
35	37
36	38
37	39
38	40
39	41
40	42
41	43
42	44
43	45
44	46
45	47
46	48
47	49
48	50
49	51
50	52
51	53
52	54
53	55
54	56
55	57
56	58
57	59
58	60
59	61
60	62
61	63
62	64
63	65
64	66
65	67
66	68
67	69
68	70
69	71
70	72
71	73
72	74
73	75
74	76
75	77
76	78
77	79
78	80
79	81
80	82
81	83
82	84
83	85
84	86
85	87
86	88
87	90
88	91
89	92
90	93
91	94
92	95
93	96
94	97
95	98
96	99
97	100
98	101
99	102
100	103
101	104
102	105
103	106
104	107
105	108
106	109
107	110
108	111
109	112
110	113
111	115
112	117
113	118
114	119
115	120
116	121
117	122
118	123
119	124
120	125
121	126
122	127
123	128
124	129
125	130
126	131
127	132
128	133
129	134
130	135
131	136
132	137
133	138
134	139
135	140
136	141
137	142
138	143
139	144
140	145
141	146
142	147
143	148
144	149
145	150
146	151
147	152
148	153
149	154
150	155
151	156
152	157
153	158
154	159
155	160
156	161
157	162
158	163
159	164
160	165
161	167
162	168
163	169
164	170
165	171
166	172
167	173
168	175
169	176
170	177
171	178
172	179
173	180
174	181
175	182
176	183
177	184
178	185
179	186
180	187
181	188
182	189
183	190
184	191
185	192
186	194
187	195
188	196
189	197
190	199
191	200
192	201
193	202
194	203
195	204
196	205
197	206
198	207
199	209
200	210
201	211
202	212
203	213
204	214
205	216
206	217
207	218
208	220
209	221
210	222
211	223
212	224
213	226
214	227
215	228
216	229
217	231
218	232
219	233
220	234
221	235
222	236
223	238
224	239
225	240
226	242
227	243
228	244
229	245
230	246
231	248
232	249
233	250
234	251
235	252
236	253
237	254
238	255
239	9541
240	258
241	259
242	260
243	261
244	262
245	263
246	264
247	265
248	266
249	267
250	269
251	270
252	271
253	272
254	273
255	274
256	275
257	276
258	277
259	278
260	279
261	280
262	281
263	283
264	284
265	287
266	288
267	289
268	291
269	292
270	294
271	295
272	297
273	300
274	302
275	303
276	304
277	305
278	306
279	307
280	308
281	309
282	310
283	311
284	312
285	314
286	315
287	316
288	317
289	318
290	319
291	321
292	322
293	323
294	325
295	326
296	328
297	329
298	330
299	332
300	334
301	335
302	336
303	337
304	339
305	340
306	341
307	343
308	344
309	345
310	346
311	347
312	348
313	349
314	350
315	351
316	352
317	353
318	355
319	356
320	357
321	358
322	360
323	361
324	363
325	364
326	365
327	367
328	369
329	370
330	372
331	374
332	375
333	376
334	377
335	378
336	379
337	380
338	381
339	382
340	383
341	384
342	386
343	387
344	388
345	390
346	391
347	393
348	394
349	395
350	396
351	397
352	398
353	399
354	400
355	402
356	403
357	404
358	405
359	406
360	407
361	408
362	410
363	411
364	412
365	413
366	414
367	415
368	416
369	417
370	418
371	420
372	421
373	422
374	423
375	424
376	425
377	427
378	428
379	429
380	431
381	432
382	433
383	434
384	435
385	436
386	437
387	438
388	439
389	441
390	442
391	443
392	444
393	446
394	447
395	448
396	449
397	450
398	451
399	452
400	453
401	455
402	456
403	457
404	458
405	459
406	460
407	462
408	463
409	466
410	467
411	468
412	469
413	470
414	471
415	472
416	473
417	475
418	476
419	477
420	478
421	479
422	480
423	482
424	483
425	485
426	486
427	487
428	488
429	489
430	490
431	492
432	496
433	497
434	498
435	499
436	500
437	501
438	502
439	504
440	505
441	506
442	507
443	508
444	509
445	511
446	513
447	515
448	516
449	517
450	518
451	519
452	520
453	521
454	522
455	524
456	525
457	526
458	527
459	531
460	532
461	533
462	534
463	535
464	537
465	539
466	540
467	541
468	545
469	546
470	547
471	548
472	549
473	550
474	551
475	553
476	555
477	557
478	558
479	559
480	560
481	562
482	564
483	565
484	566
485	568
486	569
487	570
488	572
489	573
490	574
491	577
492	578
493	579
494	581
495	583
496	584
497	585
498	586
499	587
500	589
501	591
502	592
503	593
504	594
505	595
506	596
507	597
508	600
509	601
510	602
511	603
512	606
513	607
514	609
515	611
516	612
517	614
518	615
519	616
520	617
521	618
522	619
523	620
524	622
525	623
526	624
527	625
528	628
529	629
530	631
531	632
532	633
533	635
534	636
535	638
536	639
537	641
538	642
539	645
540	646
541	647
542	649
543	652
544	653
545	655
546	656
547	659
548	662
549	663
550	664
551	667
552	669
553	671
554	672
555	675
556	676
557	677
558	678
559	679
560	680
561	684
562	687
563	689
564	690
565	691
566	692
567	693
568	695
569	696
570	697
571	698
572	700
573	702
574	704
575	705
576	706
577	707
578	708
579	710
580	711
581	712
582	713
583	9169
584	715
585	716
586	717
587	718
588	719
589	720
590	722
591	723
592	724
593	725
594	726
595	727
596	728
597	729
598	730
599	732
600	733
601	735
602	736
603	739
604	740
605	741
606	742
607	744
608	745
609	746
610	747
611	748
612	749
613	753
614	754
615	756
616	759
617	760
618	762
619	764
620	765
621	766
622	768
623	769
624	770
625	772
626	773
627	774
628	776
629	777
630	778
631	779
632	780
633	784
634	785
635	787
636	788
637	789
638	790
639	791
640	792
641	794
642	795
643	796
644	798
645	801
646	802
647	804
648	805
649	806
650	807
651	808
652	809
653	810
654	811
655	812
656	815
657	817
658	818
659	820
660	822
661	10492
662	824
663	826
664	828
665	829
666	831
667	832
668	833
669	839
670	848
671	849
672	850
673	851
674	853
675	856
676	857
677	859
678	860
679	862
680	867
681	869
682	870
683	871
684	876
685	878
686	879
687	880
688	882
689	884
690	886
691	887
692	888
693	892
694	893
695	894
696	895
697	896
698	898
699	899
700	901
701	903
702	906
703	908
704	909
705	911
706	912
707	913
708	914
709	917
710	918
711	920
712	921
713	923
714	924
715	925
716	927
717	930
718	931
719	932
720	934
721	937
722	938
723	939
724	940
725	942
726	944
727	945
728	948
729	949
730	951
731	952
732	953
733	954
734	959
735	960
736	962
737	963
738	964
739	965
740	966
741	967
742	968
743	969
744	971
745	973
746	974
747	975
748	978
749	979
750	980
751	982
752	985
753	987
754	988
755	990
756	991
757	992
758	993
759	996
760	997
761	999
762	1001
763	1004
764	1005
765	1007
766	1008
767	1010
768	1011
769	1014
770	1016
771	1017
772	1019
773	1021
774	1023
775	1026
776	1027
777	1028
778	1031
779	1035
780	1036
781	1042
782	1044
783	1045
784	1046
785	1047
786	1048
787	1049
788	1053
789	1054
790	1056
791	1059
792	1063
793	1064
794	1065
795	1067
796	1068
797	1070
798	1071
799	1073
800	1074
801	1076
802	1084
803	1085
804	1086
805	1087
806	1090
807	1096
808	1097
809	1098
810	1099
811	1100
812	1101
813	1103
814	1104
815	1105
816	1106
817	1107
818	1108
819	1110
820	1111
821	1112
822	1113
823	1114
824	1115
825	1117
826	1118
827	1120
828	1122
829	1123
830	1124
831	1125
832	1128
833	1129
834	1130
835	1132
836	9198
837	1135
838	1138
839	1144
840	1145
841	1146
842	1148
843	1151
844	1152
845	1153
846	1157
847	1159
848	1160
849	1161
850	1162
851	1163
852	1164
853	1165
854	1166
855	1167
856	1168
857	1169
858	1170
859	1171
860	1172
861	1173
862	1174
863	1179
864	1181
865	1182
866	1185
867	1188
868	1191
869	1192
870	1193
871	1196
872	1197
873	1200
874	1201
875	1208
876	1209
877	1211
878	1213
879	1216
880	1217
881	1219
882	1222
883	1223
884	1224
885	1225
886	1226
887	1227
888	1229
889	1231
890	1233
891	1234
892	1238
893	1240
894	1242
895	1248
896	1249
897	1250
898	1253
899	1255
900	1256
901	1258
902	1261
903	1262
904	1263
905	1268
906	1270
907	1271
908	11265
909	1274
910	1275
911	1276
912	1278
913	11279
914	1280
915	1281
916	1282
917	1285
918	1286
919	1287
920	1288
921	1289
922	1290
923	1291
924	1295
925	1297
926	1299
927	1301
928	1302
929	1304
930	1305
931	1308
932	1309
933	1311
934	1312
935	1313
936	1314
937	1315
938	1316
939	1317
940	1323
941	1324
942	1325
943	1326
944	1327
945	1329
946	1330
947	1331
948	1334
949	1335
950	1336
951	1340
952	1341
953	1348
954	1349
955	1352
956	1354
957	1356
958	1357
959	1360
960	1362
961	1363
962	1365
963	1370
964	1372
965	1374
966	1376
967	1377
968	1379
969	1380
970	1382
971	1383
972	1386
973	1387
974	1389
975	1390
976	1391
977	1392
978	1394
979	1395
980	1396
981	1397
982	1399
983	1400
984	1401
985	1403
986	1406
987	1408
988	1409
989	1410
990	1411
991	1412
992	1413
993	1415
994	1418
995	1419
996	1421
997	1423
998	1424
999	1428
1000	1431
1001	1433
1002	1434
1003	1437
1004	1441
1005	1443
1006	1444
1007	1445
1008	1451
1009	1452
1010	1459
1011	1461
1012	1470
1013	1472
1014	1474
1015	1479
1016	1480
1017	1482
1018	1483
1019	1484
1020	1485
1021	1488
1022	1490
1023	1491
1024	1493
1025	1494
1026	1495
1027	1498
1028	1499
1029	1501
1030	1502
1031	1505
1032	1508
1033	1509
1034	1510
1035	1511
1036	1512
1037	1513
1038	1516
1039	1517
1040	1518
1041	1522
1042	1523
1043	1524
1044	1525
1045	1526
1046	1536
1047	1537
1048	1538
1049	1539
1050	1540
1051	1542
1052	1545
1053	1546
1054	1547
1055	1553
1056	1555
1057	1556
1058	1557
1059	1559
1060	1560
1061	1561
1062	1566
1063	1567
1064	1568
1065	1569
1066	1571
1067	1573
1068	1582
1069	1584
1070	1585
1071	1587
1072	1590
1073	1592
1074	1594
1075	1597
1076	1601
1077	1604
1078	1606
1079	1607
1080	1609
1081	1612
1082	1617
1083	1618
1084	1619
1085	1620
1086	1623
1087	1624
1088	1626
1089	1627
1090	1631
1091	1632
1092	1633
1093	1634
1094	1638
1095	1641
1096	1642
1097	1644
1098	1645
1099	1646
1100	1650
1101	1651
1102	1652
1103	11988
1104	1654
1105	1655
1106	1663
1107	1666
1108	1667
1109	1669
1110	1675
1111	1678
1112	1679
1113	1686
1114	1690
1115	1692
1116	1694
1117	1697
1118	1703
1119	1704
1120	12092
1121	1706
1122	1708
1123	1712
1124	1716
1125	1718
1126	1721
1127	1723
1128	1724
1129	1727
1130	1729
1131	1730
1132	1737
1133	1738
1134	1742
1135	1744
1136	1745
1137	1747
1138	1748
1139	1749
1140	1751
1141	1756
1142	1759
1143	1760
1144	1763
1145	1765
1146	1767
1147	1768
1148	1769
1149	1773
1150	1774
1151	1775
1152	1776
1153	1777
1154	1778
1155	1780
1156	1781
1157	1782
1158	1783
1159	1788
1160	1789
1161	1790
1162	1791
1163	1793
1164	1794
1165	1795
1166	1797
1167	1800
1168	1801
1169	1802
1170	1803
1171	1808
1172	15015
1173	1816
1174	1824
1175	1826
1176	1827
1177	1834
1178	1837
1179	1840
1180	1842
1181	1843
1182	1846
1183	1848
1184	1849
1185	1853
1186	1854
1187	1855
1188	1856
1189	1862
1190	1864
1191	1868
1192	1869
1193	1871
1194	1872
1195	1873
1196	1874
1197	12471
1198	1877
1199	1879
1200	1880
1201	1881
1202	1883
1203	1884
1204	1892
1205	1893
1206	1894
1207	1896
1208	1897
1209	1898
1210	1899
1211	1904
1212	1905
1213	1906
1214	1907
1215	1909
1216	1911
1217	1913
1218	1916
1219	1918
1220	1930
1221	1931
1222	1932
1223	1936
1224	1943
1225	1947
1226	1948
1227	1950
1228	1951
1229	1954
1230	1955
1231	1956
1232	1957
1233	1959
1234	1962
1235	1964
1236	1970
1237	1972
1238	1973
1239	1980
1240	1983
1241	1984
1242	1985
1243	1991
1244	1997
1245	2001
1246	2003
1247	2006
1248	2007
1249	2008
1250	2012
1251	2013
1252	2015
1253	2016
1254	2022
1255	2023
1256	2026
1257	2028
1258	2030
1259	2035
1260	2038
1261	2039
1262	2043
1263	2049
1264	2050
1265	2051
1266	2059
1267	2060
1268	2062
1269	2065
1270	2067
1271	2069
1272	2075
1273	2078
1274	2081
1275	2082
1276	2085
1277	2087
1278	2091
1279	2093
1280	2096
1281	2099
1282	12938
1283	2103
1284	2107
1285	2110
1286	2111
1287	2118
1288	2120
1289	2122
1290	2123
1291	2124
1292	9243
1293	2128
1294	2130
1295	2138
1296	2141
1297	2144
1298	2145
1299	2146
1300	2147
1301	2148
1302	13034
1303	2153
1304	2157
1305	2158
1306	2162
1307	2164
1308	2167
1309	2173
1310	2174
1311	2175
1312	2179
1313	2181
1314	2183
1315	2185
1316	2187
1317	2188
1318	2190
1319	2191
1320	2193
1321	2196
1322	2199
1323	2207
1324	2209
1325	2214
1326	2215
1327	2217
1328	2222
1329	2226
1330	2234
1331	2235
1332	2237
1333	2238
1334	2240
1335	2242
1336	2255
1337	2256
1338	2257
1339	2258
1340	2260
1341	2265
1342	2268
1343	2269
1344	2272
1345	2280
1346	2282
1347	2284
1348	2285
1349	2286
1350	2287
1351	2288
1352	2294
1353	2297
1354	2299
1355	2305
1356	2306
1357	2309
1358	2310
1359	2311
1360	2314
1361	2316
1362	2317
1363	2318
1364	2320
1365	2326
1366	2330
1367	2335
1368	2336
1369	2339
1370	2342
1371	2345
1372	2347
1373	2349
1374	2351
1375	2357
1376	2358
1377	2363
1378	2365
1379	2369
1380	2373
1381	2374
1382	2382
1383	2383
1384	2384
1385	2389
1386	2390
1387	2394
1388	2395
1389	2396
1390	2398
1391	2401
1392	2402
1393	2403
1394	2407
1395	2411
1396	2417
1397	2421
1398	2422
1399	2426
1400	2428
1401	2431
1402	2435
1403	2436
1404	2444
1405	2446
1406	2452
1407	2457
1408	2459
1409	2461
1410	2462
1411	2463
1412	2464
1413	2465
1414	2470
1415	2472
1416	2474
1417	2476
1418	2477
1419	2480
1420	2482
1421	2483
1422	2484
1423	2488
1424	2491
1425	2493
1426	2494
1427	2495
1428	2500
1429	2503
1430	2505
1431	2508
1432	2512
1433	2514
1434	2515
1435	2526
1436	2543
1437	2546
1438	2548
1439	2552
1440	2554
1441	2558
1442	2561
1443	2563
1444	2565
1445	2570
1446	2571
1447	2572
1448	2574
1449	2576
1450	2577
1451	2581
1452	2584
1453	2600
1454	2603
1455	2606
1456	2610
1457	2612
1458	2614
1459	2615
1460	2618
1461	2621
1462	2622
1463	2625
1464	2626
1465	2631
1466	2634
1467	2635
1468	2638
1469	2640
1470	2643
1471	2644
1472	2649
1473	2659
1474	2667
1475	2670
1476	2671
1477	2674
1478	2678
1479	2679
1480	2681
1481	2684
1482	2686
1483	2688
1484	2699
1485	2702
1486	2707
1487	2708
1488	2714
1489	2716
1490	2723
1491	2725
1492	14394
1493	2736
1494	2741
1495	2758
1496	2763
1497	2768
1498	2775
1499	2776
1500	2779
1501	2781
1502	2789
1503	2793
1504	2800
1505	2801
1506	2802
1507	2803
1508	2805
1509	2806
1510	2807
1511	2810
1512	2814
1513	2817
1514	2819
1515	2822
1516	2823
1517	2825
1518	2828
1519	2831
1520	2841
1521	2842
1522	2843
1523	2851
1524	2854
1525	2855
1526	2860
1527	9908
1528	2872
1529	2873
1530	2875
1531	2876
1532	2880
1533	2881
1534	2882
1535	2905
1536	2911
1537	2912
1538	2916
1539	2918
1540	2919
1541	2920
1542	2923
1543	2930
1544	2933
1545	2934
1546	2935
1547	2938
1548	2941
1549	2945
1550	2947
1551	2948
1552	2949
1553	2954
1554	2956
1555	2959
1556	2962
1557	2975
1558	2980
1559	2981
1560	2982
1561	2983
1562	2997
1563	3003
1564	3012
1565	3016
1566	3018
1567	9942
1568	3036
1569	3039
1570	3042
1571	3045
1572	3052
1573	3064
1574	3065
1575	3073
1576	3077
1577	3081
1578	3089
1579	3090
1580	3104
1581	3107
1582	3109
1583	3110
1584	3112
1585	3113
1586	3114
1587	3117
1588	3118
1589	3120
1590	3122
1591	3123
1592	3128
1593	3129
1594	3131
1595	3132
1596	3139
1597	3144
1598	3145
1599	3148
1600	3155
1601	3157
1602	3160
1603	3170
1604	3178
1605	3181
1606	3182
1607	3183
1608	3189
1609	3195
1610	3201
1611	15532
1612	3210
1613	3214
1614	3217
1615	3219
1616	15585
1617	3223
1618	3233
1619	3238
1620	3243
1621	3248
1622	3249
1623	3251
1624	3253
1625	3260
1626	3261
1627	3267
1628	3268
1629	3278
1630	3280
1631	3287
1632	3289
1633	3292
1634	3301
1635	3303
1636	3305
1637	3309
1638	3313
1639	3322
1640	3324
1641	3328
1642	3330
1643	3338
1644	3343
1645	3346
1646	3349
1647	3368
1648	3372
1649	3378
1650	3380
1651	3382
1652	3389
1653	3392
1654	3404
1655	3405
1656	3429
1657	3430
1658	3433
1659	3437
1660	3448
1661	3449
1662	3450
1663	3457
1664	3460
1665	3462
1666	16168
1667	3465
1668	3468
1669	3471
1670	3472
1671	3476
1672	3483
1673	3499
1674	3504
1675	3509
1676	3514
1677	3515
1678	3522
1679	3527
1680	3534
1681	3536
1682	3543
1683	3546
1684	3550
1685	3554
1686	3556
1687	3562
1688	3576
1689	3584
1690	3587
1691	3597
1692	3606
1693	3612
1694	3614
1695	3626
1696	3632
1697	3660
1698	3680
1699	3689
1700	3691
1701	3700
1702	3701
1703	3718
1704	3720
1705	3728
1706	3733
1707	3735
1708	3738
1709	3741
1710	3743
1711	3751
1712	3756
1713	3770
1714	3771
1715	3779
1716	3782
1717	3794
1718	3806
1719	3809
1720	3810
1721	3827
1722	3833
1723	3836
1724	3848
1725	3851
1726	3852
1727	3854
1728	3856
1729	3857
1730	3861
1731	3862
1732	3869
1733	3873
1734	3882
1735	3883
1736	3899
1737	3915
1738	3916
1739	3920
1740	3921
1741	3923
1742	3925
1743	3935
1744	3945
1745	3948
1746	3952
1747	3964
1748	3965
1749	3972
1750	3973
1751	3975
1752	3983
1753	3989
1754	4005
1755	4009
1756	4021
1757	4023
1758	4043
1759	4047
1760	4052
1761	4060
1762	4070
1763	4073
1764	4090
1765	4094
1766	4095
1767	4098
1768	4105
1769	4113
1770	4115
1771	4132
1772	4134
1773	4143
1774	4147
1775	4161
1776	4162
1777	4175
1778	18245
1779	4202
1780	4206
1781	4217
1782	4228
1783	4229
1784	4242
1785	4243
1786	4250
1787	4264
1788	4268
1789	4269
1790	4273
1791	4297
1792	4308
1793	4321
1794	4329
1795	4338
1796	4340
1797	4341
1798	4343
1799	4346
1800	4347
1801	4348
1802	4351
1803	4357
1804	4363
1805	4380
1806	4381
1807	4383
1808	4384
1809	4392
1810	4394
1811	4395
1812	4402
1813	4406
1814	4420
1815	4428
1816	4432
1817	4466
1818	4475
1819	4493
1820	4506
1821	4515
1822	4525
1823	4544
1824	4560
1825	4571
1826	4574
1827	4581
1828	4584
1829	4590
1830	4603
1831	4604
1832	4621
1833	4640
1834	4642
1835	4660
1836	4678
1837	4679
1838	4684
1839	4688
1840	4728
1841	4739
1842	4744
1843	4762
1844	4770
1845	4772
1846	4786
1847	4792
1848	4796
1849	4810
1850	4817
1851	4824
1852	4825
1853	4847
1854	4853
1855	4857
1856	4864
1857	4880
1858	4884
1859	4887
1860	4892
1861	4893
1862	4897
1863	4903
1864	4905
1865	4908
1866	4967
1867	4976
1868	4985
1869	4990
1870	4992
1871	5025
1872	5037
1873	5038
1874	5040
1875	5049
1876	5066
1877	5068
1878	5074
1879	5077
1880	5079
1881	5105
1882	5117
1883	5139
1884	5168
1885	5179
1886	5194
1887	5197
1888	5212
1889	5216
1890	5236
1891	5241
1892	5289
1893	5326
1894	5336
1895	5357
1896	5369
1897	5379
1898	5395
1899	5434
1900	5446
1901	5448
1902	5454
1903	5458
1904	10599
1905	5467
1906	5479
1907	5481
1908	5491
1909	5509
1910	5535
1911	5609
1912	10025
1913	5712
1914	5731
1915	5752
1916	5773
1917	5774
1918	5782
1919	5783
1920	5789
1921	5790
1922	5809
1923	5820
1924	5854
1925	5897
1926	5898
1927	5904
1928	5921
1929	5931
1930	5938
1931	6001
1932	6005
1933	6061
1934	6064
1935	6092
1936	6113
1937	6156
1938	6157
1939	6170
1940	6173
1941	13505
1942	6245
1943	6289
1944	6292
1945	6298
1946	6353
1947	6441
1948	6491
1949	6507
1950	6518
1951	6533
1952	6534
1953	6610
1954	6618
1955	6651
1956	6675
1957	6688
1958	6704
1959	6769
1960	6818
1961	6856
1962	6872
1963	6885
1964	6969
1965	6987
1966	6988
1967	7137
1968	7169
1969	7218
1970	7224
1971	7226
1972	7250
1973	7252
1974	7290
1975	7329
1976	7340
1977	7413
1978	7445
1979	7446
1980	7515
1981	7530
1982	7581
1983	7730
1984	7765
1985	7804
1986	7900
1987	7902
1988	7970
1989	7999
1990	8095
1991	8249
1992	8401
1993	8437
1994	8503
1995	8684
1996	8731
1997	9027
1998	9064
1999	9132
