0	2
1	3
2	4
3	5
4	6
5	7
6	8
7	9
8	10
9	11
10	12
11	13
12	14
13	15
14	16
15	17
16	18
17	19
18	20
19	21
20	22
21	23
22	24
23	25
24	26
25	27
26	28
27	29
28	30
29	31
30	32
31	33
32	34
33	35
34	36
35	37
36	38
37	39
38	40
39	41
40	42
41	43
42	44
43	45
44	46
45	47
46	48
47	49
48	50
49	51
50	52
51	53
52	54
53	55
54	56
55	57
56	58
57	59
58	60
59	61
60	62
61	63
62	64
63	65
64	66
65	67
66	68
67	69
68	70
69	71
70	72
71	73
72	74
73	75
74	76
75	77
76	78
77	79
78	80
79	81
80	82
81	83
82	84
83	85
84	86
85	87
86	88
87	89
88	90
89	91
90	92
91	93
92	94
93	95
94	96
95	97
96	98
97	99
98	100
99	101
100	102
101	103
102	104
103	105
104	106
105	107
106	108
107	109
108	110
109	111
110	112
111	114
112	115
113	116
114	117
115	118
116	119
117	120
118	121
119	122
120	123
121	124
122	125
123	126
124	127
125	128
126	129
127	130
128	131
129	132
130	133
131	134
132	135
133	136
134	137
135	138
136	139
137	140
138	141
139	142
140	143
141	144
142	145
143	146
144	147
145	148
146	149
147	151
148	152
149	153
150	154
151	155
152	156
153	157
154	158
155	159
156	160
157	162
158	163
159	164
160	165
161	166
162	167
163	168
164	169
165	170
166	171
167	172
168	173
169	174
170	175
171	176
172	177
173	178
174	179
175	180
176	181
177	182
178	183
179	184
180	185
181	187
182	188
183	189
184	190
185	191
186	192
187	193
188	194
189	195
190	197
191	198
192	199
193	201
194	203
195	204
196	205
197	206
198	207
199	208
200	210
201	211
202	212
203	213
204	214
205	216
206	217
207	218
208	219
209	220
210	221
211	223
212	224
213	225
214	227
215	228
216	229
217	230
218	231
219	232
220	233
221	234
222	235
223	237
224	238
225	239
226	240
227	241
228	242
229	243
230	244
231	246
232	247
233	248
234	249
235	250
236	251
237	252
238	253
239	255
240	256
241	257
242	258
243	259
244	263
245	264
246	265
247	266
248	267
249	268
250	269
251	270
252	271
253	273
254	274
255	275
256	276
257	277
258	279
259	280
260	281
261	282
262	283
263	284
264	285
265	287
266	288
267	290
268	291
269	292
270	293
271	294
272	295
273	296
274	297
275	298
276	299
277	301
278	302
279	303
280	304
281	305
282	306
283	307
284	308
285	309
286	310
287	311
288	312
289	313
290	314
291	315
292	316
293	317
294	318
295	319
296	320
297	321
298	323
299	324
300	325
301	326
302	327
303	328
304	329
305	330
306	331
307	332
308	333
309	334
310	335
311	336
312	337
313	338
314	340
315	341
316	342
317	343
318	344
319	345
320	346
321	347
322	350
323	351
324	352
325	353
326	354
327	355
328	356
329	358
330	359
331	360
332	361
333	362
334	363
335	364
336	365
337	366
338	367
339	368
340	369
341	370
342	371
343	372
344	374
345	375
346	377
347	378
348	379
349	380
350	381
351	382
352	383
353	384
354	385
355	387
356	388
357	389
358	390
359	391
360	392
361	393
362	394
363	396
364	397
365	399
366	400
367	401
368	402
369	404
370	405
371	406
372	407
373	408
374	409
375	410
376	412
377	413
378	414
379	416
380	417
381	418
382	420
383	422
384	425
385	426
386	427
387	428
388	429
389	431
390	432
391	433
392	434
393	435
394	436
395	438
396	444
397	445
398	446
399	447
400	448
401	449
402	451
403	452
404	455
405	456
406	457
407	458
408	459
409	460
410	461
411	463
412	464
413	466
414	467
415	468
416	469
417	470
418	471
419	472
420	474
421	475
422	477
423	478
424	479
425	480
426	483
427	484
428	485
429	486
430	487
431	488
432	491
433	494
434	495
435	496
436	497
437	498
438	499
439	500
440	503
441	504
442	505
443	506
444	507
445	508
446	509
447	510
448	511
449	513
450	515
451	516
452	518
453	520
454	521
455	523
456	525
457	527
458	528
459	529
460	530
461	531
462	532
463	533
464	534
465	535
466	537
467	538
468	539
469	541
470	542
471	543
472	545
473	546
474	547
475	548
476	550
477	551
478	553
479	554
480	555
481	558
482	559
483	560
484	561
485	563
486	564
487	565
488	567
489	570
490	571
491	572
492	574
493	575
494	577
495	578
496	579
497	581
498	582
499	583
500	586
501	587
502	589
503	590
504	591
505	593
506	594
507	596
508	598
509	599
510	600
511	601
512	602
513	603
514	604
515	606
516	607
517	608
518	609
519	611
520	614
521	617
522	619
523	620
524	623
525	624
526	625
527	626
528	627
529	628
530	629
531	631
532	632
533	639
534	640
535	641
536	642
537	643
538	644
539	645
540	646
541	647
542	648
543	649
544	650
545	651
546	652
547	653
548	654
549	655
550	659
551	660
552	663
553	664
554	666
555	667
556	668
557	669
558	670
559	671
560	674
561	675
562	676
563	677
564	678
565	679
566	681
567	682
568	684
569	685
570	686
571	687
572	688
573	689
574	691
575	692
576	693
577	694
578	697
579	698
580	700
581	701
582	702
583	704
584	705
585	706
586	708
587	709
588	712
589	713
590	714
591	715
592	717
593	718
594	719
595	720
596	721
597	723
598	724
599	725
600	726
601	727
602	732
603	733
604	734
605	735
606	737
607	738
608	739
609	740
610	741
611	743
612	744
613	746
614	747
615	748
616	749
617	751
618	753
619	754
620	755
621	758
622	759
623	760
624	761
625	762
626	764
627	765
628	766
629	767
630	768
631	772
632	773
633	774
634	776
635	777
636	778
637	779
638	780
639	781
640	783
641	784
642	787
643	788
644	789
645	790
646	791
647	792
648	793
649	795
650	797
651	799
652	802
653	803
654	805
655	808
656	809
657	810
658	811
659	812
660	814
661	816
662	817
663	819
664	821
665	824
666	825
667	827
668	828
669	831
670	834
671	837
672	838
673	842
674	844
675	845
676	846
677	847
678	848
679	850
680	851
681	852
682	855
683	856
684	857
685	858
686	859
687	863
688	864
689	865
690	867
691	868
692	869
693	870
694	872
695	873
696	874
697	875
698	877
699	878
700	880
701	881
702	882
703	883
704	884
705	885
706	886
707	887
708	888
709	889
710	890
711	892
712	893
713	896
714	897
715	900
716	902
717	903
718	904
719	905
720	907
721	908
722	909
723	910
724	911
725	912
726	913
727	914
728	915
729	916
730	917
731	918
732	919
733	920
734	921
735	922
736	924
737	927
738	929
739	931
740	933
741	934
742	935
743	937
744	939
745	942
746	943
747	944
748	945
749	946
750	948
751	950
752	953
753	954
754	959
755	960
756	961
757	964
758	10673
759	968
760	969
761	970
762	972
763	973
764	974
765	975
766	976
767	978
768	979
769	983
770	984
771	987
772	988
773	989
774	991
775	992
776	997
777	999
778	1002
779	1003
780	1004
781	1007
782	1008
783	1009
784	1010
785	1011
786	1012
787	1013
788	1014
789	1015
790	1016
791	1019
792	1022
793	1023
794	1024
795	1025
796	1028
797	1029
798	1030
799	1036
800	1037
801	1038
802	1039
803	1040
804	1043
805	1044
806	1046
807	1048
808	1050
809	1051
810	1052
811	1053
812	1054
813	1055
814	1057
815	1058
816	1065
817	1066
818	1067
819	1068
820	1069
821	1070
822	1071
823	1073
824	1074
825	1075
826	1077
827	1078
828	1080
829	1081
830	1082
831	1083
832	1084
833	1087
834	1088
835	1093
836	1095
837	1096
838	1099
839	1100
840	1101
841	1105
842	1106
843	1109
844	1111
845	1112
846	1113
847	1114
848	1115
849	1116
850	1119
851	1120
852	1122
853	1123
854	1124
855	1125
856	1127
857	1128
858	1129
859	1130
860	1131
861	1133
862	1134
863	1135
864	1138
865	1140
866	1141
867	1142
868	9379
869	1144
870	1146
871	1147
872	1148
873	1149
874	1150
875	1153
876	1154
877	1155
878	11022
879	1160
880	1161
881	1162
882	1164
883	1166
884	1167
885	1170
886	1171
887	1173
888	1175
889	1176
890	1178
891	1179
892	1180
893	1182
894	1183
895	1185
896	1188
897	1189
898	1190
899	1192
900	1193
901	1198
902	1199
903	1200
904	1202
905	1203
906	1205
907	1206
908	1207
909	1209
910	1211
911	1212
912	1214
913	1215
914	1217
915	1219
916	1220
917	1221
918	1222
919	1226
920	1228
921	1231
922	1232
923	1233
924	1235
925	1236
926	1237
927	1238
928	1239
929	1242
930	1243
931	1244
932	1245
933	1246
934	1247
935	1248
936	1251
937	1252
938	1254
939	1255
940	1257
941	1258
942	1261
943	1262
944	1263
945	1264
946	1266
947	1271
948	1273
949	1274
950	1276
951	1280
952	1281
953	1282
954	1283
955	1284
956	1285
957	1286
958	1287
959	1290
960	1291
961	1294
962	1295
963	1297
964	1301
965	1304
966	1308
967	1309
968	1310
969	1314
970	1315
971	1319
972	1321
973	1323
974	1324
975	1325
976	1327
977	1328
978	1330
979	1331
980	1334
981	1335
982	1336
983	1341
984	1342
985	1343
986	1344
987	1346
988	1349
989	1350
990	1355
991	1358
992	1359
993	1360
994	1365
995	1372
996	1375
997	1381
998	1383
999	1384
1000	1385
1001	1389
1002	1390
1003	1391
1004	1394
1005	1396
1006	1398
1007	1399
1008	1400
1009	1403
1010	1405
1011	1409
1012	1411
1013	1413
1014	1414
1015	1415
1016	1417
1017	1420
1018	1421
1019	1423
1020	1424
1021	1426
1022	1427
1023	1428
1024	1429
1025	1430
1026	1431
1027	1432
1028	1433
1029	1434
1030	1435
1031	1436
1032	1437
1033	1441
1034	1442
1035	1444
1036	1446
1037	1447
1038	1450
1039	1454
1040	1455
1041	1457
1042	1459
1043	1460
1044	1461
1045	1465
1046	1470
1047	1471
1048	1472
1049	1473
1050	1476
1051	1478
1052	1479
1053	1488
1054	1490
1055	1494
1056	1496
1057	1498
1058	1499
1059	1500
1060	1502
1061	1503
1062	1507
1063	1508
1064	1510
1065	1511
1066	1512
1067	1513
1068	1515
1069	1517
1070	1518
1071	1519
1072	1521
1073	1523
1074	1524
1075	1525
1076	1526
1077	1528
1078	1531
1079	1532
1080	1533
1081	1538
1082	1540
1083	1543
1084	1544
1085	1547
1086	1551
1087	1552
1088	1556
1089	1557
1090	1561
1091	1562
1092	1565
1093	1566
1094	1567
1095	1568
1096	1570
1097	1578
1098	1581
1099	1583
1100	1585
1101	1587
1102	1588
1103	1589
1104	1591
1105	1595
1106	1597
1107	1598
1108	1599
1109	1600
1110	1602
1111	1606
1112	1610
1113	1615
1114	1617
1115	1622
1116	1623
1117	1624
1118	1628
1119	1631
1120	1632
1121	1635
1122	1637
1123	1647
1124	1652
1125	1657
1126	1658
1127	1659
1128	1660
1129	1664
1130	1668
1131	1670
1132	1674
1133	1677
1134	1678
1135	1680
1136	1681
1137	1684
1138	1685
1139	1686
1140	1691
1141	1692
1142	1696
1143	1697
1144	1698
1145	1699
1146	1700
1147	1705
1148	1706
1149	1713
1150	1714
1151	1716
1152	1717
1153	1720
1154	1725
1155	1726
1156	1727
1157	1730
1158	1731
1159	1732
1160	1733
1161	1738
1162	1739
1163	1743
1164	1744
1165	1745
1166	1747
1167	1748
1168	1751
1169	1752
1170	1754
1171	1758
1172	1759
1173	1762
1174	1763
1175	1765
1176	1769
1177	1770
1178	1771
1179	1772
1180	1773
1181	1774
1182	1776
1183	1777
1184	1779
1185	1781
1186	1782
1187	1785
1188	1786
1189	1789
1190	1790
1191	1793
1192	1800
1193	1802
1194	1804
1195	1805
1196	1806
1197	1807
1198	1810
1199	1811
1200	1814
1201	1816
1202	1817
1203	1822
1204	1823
1205	1827
1206	1831
1207	9558
1208	1834
1209	1835
1210	1837
1211	1838
1212	1839
1213	1841
1214	1844
1215	1847
1216	1857
1217	1858
1218	1862
1219	1863
1220	1864
1221	1865
1222	1867
1223	1868
1224	1874
1225	1875
1226	1878
1227	1879
1228	1880
1229	1882
1230	1886
1231	1888
1232	1897
1233	1901
1234	1903
1235	1904
1236	1905
1237	1906
1238	1908
1239	1910
1240	1914
1241	1915
1242	1920
1243	1922
1244	1923
1245	1924
1246	1925
1247	1926
1248	1927
1249	1929
1250	1930
1251	1932
1252	1935
1253	1936
1254	1937
1255	1939
1256	1940
1257	1943
1258	1949
1259	1953
1260	1954
1261	1956
1262	1959
1263	1960
1264	1962
1265	1968
1266	1969
1267	1972
1268	1973
1269	1978
1270	1980
1271	1982
1272	1985
1273	1986
1274	1991
1275	1993
1276	1995
1277	1996
1278	1998
1279	1999
1280	2002
1281	2006
1282	2007
1283	2012
1284	2013
1285	2015
1286	2017
1287	2021
1288	2022
1289	2023
1290	2024
1291	2027
1292	2030
1293	2033
1294	2034
1295	2035
1296	2040
1297	2047
1298	2050
1299	2051
1300	2055
1301	2061
1302	2063
1303	2065
1304	2067
1305	2070
1306	2073
1307	2074
1308	2075
1309	2079
1310	2080
1311	2083
1312	2085
1313	2087
1314	2090
1315	2097
1316	2103
1317	2107
1318	2111
1319	2112
1320	2113
1321	2120
1322	2123
1323	2128
1324	2133
1325	2134
1326	2135
1327	2141
1328	2144
1329	2156
1330	2158
1331	2165
1332	2170
1333	2174
1334	2176
1335	2181
1336	2182
1337	2184
1338	2185
1339	2186
1340	2189
1341	2197
1342	2198
1343	2206
1344	2208
1345	2209
1346	2210
1347	2211
1348	2217
1349	2220
1350	2221
1351	2223
1352	2224
1353	2225
1354	2226
1355	2228
1356	2231
1357	2234
1358	2236
1359	2237
1360	2243
1361	2244
1362	2256
1363	2259
1364	2262
1365	2266
1366	2269
1367	2271
1368	2273
1369	2274
1370	2277
1371	2279
1372	2282
1373	2285
1374	2287
1375	2290
1376	2292
1377	2293
1378	2294
1379	2295
1380	2298
1381	2299
1382	2305
1383	2309
1384	2311
1385	2315
1386	2316
1387	2322
1388	2326
1389	2327
1390	2328
1391	2344
1392	2348
1393	2351
1394	2354
1395	2358
1396	2361
1397	2363
1398	2364
1399	2367
1400	2370
1401	2371
1402	2374
1403	2376
1404	2378
1405	2381
1406	2382
1407	2383
1408	2386
1409	2394
1410	2395
1411	2398
1412	2399
1413	2401
1414	2404
1415	2405
1416	2407
1417	2408
1418	2410
1419	2413
1420	2417
1421	2418
1422	2426
1423	2429
1424	2431
1425	2433
1426	2437
1427	2442
1428	2448
1429	2453
1430	2457
1431	2460
1432	2462
1433	2463
1434	2464
1435	2471
1436	2477
1437	2479
1438	2481
1439	2483
1440	2486
1441	2487
1442	2490
1443	2491
1444	2493
1445	2494
1446	2495
1447	2497
1448	2502
1449	2504
1450	2505
1451	2506
1452	2511
1453	2513
1454	2515
1455	2521
1456	2528
1457	2532
1458	2535
1459	2538
1460	2539
1461	2542
1462	2543
1463	2544
1464	2553
1465	2559
1466	2570
1467	2572
1468	2578
1469	2587
1470	2589
1471	2595
1472	2599
1473	2604
1474	2610
1475	2614
1476	2620
1477	2624
1478	2638
1479	2639
1480	2640
1481	2641
1482	2642
1483	2643
1484	2644
1485	2646
1486	2650
1487	2652
1488	2658
1489	2659
1490	2660
1491	2663
1492	2666
1493	2675
1494	2677
1495	2684
1496	2690
1497	2695
1498	2696
1499	2700
1500	2702
1501	2703
1502	2704
1503	2706
1504	2710
1505	2711
1506	2717
1507	2720
1508	2724
1509	2727
1510	2728
1511	2730
1512	2739
1513	2740
1514	2741
1515	2743
1516	2751
1517	2757
1518	2758
1519	2759
1520	2760
1521	2765
1522	2772
1523	2775
1524	2785
1525	2787
1526	2789
1527	2792
1528	2794
1529	2799
1530	2800
1531	2804
1532	2810
1533	2811
1534	2814
1535	2816
1536	2819
1537	2820
1538	2821
1539	2823
1540	2833
1541	2836
1542	2838
1543	2839
1544	2840
1545	2842
1546	2843
1547	2845
1548	2858
1549	2860
1550	2871
1551	2875
1552	2877
1553	2878
1554	2884
1555	2889
1556	2892
1557	2913
1558	2914
1559	2916
1560	2917
1561	2919
1562	2921
1563	2924
1564	2925
1565	2931
1566	2933
1567	2938
1568	2942
1569	2944
1570	2946
1571	2949
1572	2951
1573	2952
1574	2954
1575	2960
1576	2961
1577	2963
1578	2967
1579	2974
1580	2981
1581	2984
1582	2994
1583	2995
1584	2996
1585	3001
1586	3002
1587	3003
1588	3006
1589	3008
1590	3014
1591	9879
1592	3019
1593	3021
1594	3024
1595	3029
1596	3030
1597	3031
1598	3034
1599	3037
1600	3046
1601	3047
1602	3056
1603	3058
1604	3061
1605	3063
1606	3068
1607	3071
1608	3073
1609	3076
1610	14959
1611	3093
1612	3097
1613	3101
1614	3119
1615	3120
1616	3121
1617	3135
1618	3136
1619	3137
1620	3146
1621	3150
1622	3158
1623	3160
1624	3164
1625	3165
1626	3182
1627	3197
1628	3206
1629	3220
1630	3229
1631	3230
1632	3234
1633	3235
1634	3240
1635	3241
1636	3244
1637	3245
1638	3249
1639	3254
1640	3256
1641	3259
1642	3260
1643	3268
1644	3270
1645	3271
1646	3272
1647	3277
1648	3282
1649	3287
1650	3289
1651	9954
1652	3302
1653	15653
1654	3329
1655	3348
1656	3363
1657	3364
1658	3367
1659	3368
1660	3376
1661	3381
1662	3382
1663	3397
1664	3412
1665	3413
1666	3415
1667	3416
1668	3422
1669	3425
1670	3427
1671	3430
1672	3431
1673	3434
1674	3437
1675	3439
1676	3443
1677	3449
1678	3452
1679	3467
1680	3472
1681	3476
1682	3496
1683	3497
1684	3498
1685	3500
1686	3503
1687	3505
1688	3512
1689	3520
1690	3522
1691	3524
1692	3539
1693	3540
1694	3547
1695	3550
1696	3553
1697	16214
1698	3556
1699	3560
1700	3571
1701	3588
1702	3593
1703	3595
1704	3597
1705	3599
1706	3606
1707	3610
1708	3612
1709	3613
1710	3615
1711	3630
1712	3632
1713	3648
1714	3658
1715	3681
1716	3687
1717	3693
1718	3694
1719	3696
1720	3700
1721	3704
1722	3711
1723	3715
1724	3716
1725	3717
1726	3720
1727	3723
1728	3745
1729	3748
1730	3752
1731	3754
1732	3766
1733	3769
1734	3770
1735	3771
1736	3773
1737	3777
1738	3779
1739	3785
1740	3803
1741	3810
1742	3814
1743	3815
1744	3828
1745	3829
1746	3835
1747	3853
1748	3856
1749	3859
1750	3866
1751	3880
1752	3882
1753	3894
1754	3897
1755	3900
1756	3903
1757	3905
1758	3918
1759	3923
1760	3928
1761	3933
1762	3938
1763	3939
1764	3940
1765	3948
1766	3963
1767	3969
1768	3984
1769	3997
1770	4011
1771	4015
1772	4020
1773	4030
1774	4031
1775	4053
1776	4058
1777	4060
1778	4061
1779	4064
1780	4065
1781	4072
1782	4081
1783	4083
1784	4088
1785	4094
1786	4099
1787	4103
1788	4108
1789	4120
1790	4122
1791	4131
1792	4142
1793	4151
1794	4155
1795	4167
1796	4169
1797	4179
1798	4192
1799	4202
1800	4218
1801	4223
1802	4238
1803	4246
1804	4273
1805	4275
1806	4280
1807	4285
1808	4296
1809	4307
1810	4312
1811	4321
1812	4324
1813	4329
1814	4330
1815	4332
1816	4345
1817	4367
1818	4369
1819	4370
1820	4374
1821	4384
1822	4396
1823	4404
1824	4412
1825	4464
1826	4492
1827	4502
1828	4505
1829	4513
1830	4521
1831	4522
1832	19153
1833	4576
1834	4595
1835	4615
1836	4621
1837	4634
1838	4638
1839	4646
1840	4671
1841	4679
1842	4705
1843	4715
1844	4716
1845	4727
1846	4742
1847	4747
1848	4751
1849	4765
1850	4792
1851	4806
1852	9131
1853	4826
1854	4830
1855	4862
1856	4885
1857	4891
1858	4922
1859	4926
1860	4934
1861	4938
1862	4946
1863	4947
1864	4960
1865	4962
1866	5013
1867	5030
1868	5031
1869	5039
1870	5056
1871	5082
1872	5083
1873	5087
1874	5103
1875	5114
1876	5141
1877	5166
1878	5172
1879	5191
1880	5198
1881	10474
1882	5234
1883	5240
1884	5252
1885	5256
1886	5261
1887	5274
1888	5278
1889	5280
1890	5287
1891	5289
1892	5298
1893	5304
1894	5330
1895	5387
1896	5396
1897	5406
1898	5408
1899	5446
1900	5452
1901	5497
1902	5503
1903	5520
1904	5556
1905	5585
1906	5588
1907	5663
1908	5671
1909	5709
1910	5724
1911	5738
1912	5739
1913	5742
1914	5762
1915	5777
1916	5779
1917	5780
1918	5785
1919	5805
1920	5830
1921	5866
1922	5885
1923	5889
1924	5895
1925	5941
1926	5956
1927	5964
1928	5993
1929	6022
1930	6033
1931	6036
1932	6058
1933	6060
1934	6068
1935	6127
1936	6182
1937	6200
1938	6205
1939	6225
1940	6244
1941	6323
1942	6334
1943	6337
1944	6346
1945	6431
1946	6438
1947	6442
1948	6444
1949	6458
1950	6467
1951	6504
1952	6510
1953	6544
1954	6600
1955	6628
1956	6654
1957	6661
1958	6738
1959	6770
1960	6777
1961	6798
1962	6807
1963	6832
1964	6836
1965	6924
1966	6925
1967	6980
1968	7000
1969	7091
1970	7092
1971	7110
1972	7141
1973	7171
1974	7194
1975	7203
1976	7330
1977	7372
1978	7437
1979	7514
1980	7560
1981	7587
1982	7598
1983	7618
1984	7648
1985	7788
1986	7887
1987	7888
1988	7911
1989	7917
1990	8203
1991	8241
1992	8279
1993	8347
1994	8627
1995	8704
1996	8712
1997	8814
1998	8817
1999	9056
