0	2
1	3
2	4
3	5
4	6
5	7
6	8
7	9
8	10
9	11
10	12
11	13
12	14
13	15
14	16
15	17
16	18
17	19
18	20
19	21
20	22
21	23
22	24
23	25
24	26
25	27
26	28
27	29
28	30
29	31
30	32
31	33
32	34
33	35
34	36
35	37
36	38
37	39
38	40
39	41
40	42
41	43
42	44
43	45
44	46
45	47
46	48
47	49
48	50
49	51
50	52
51	53
52	54
53	55
54	56
55	57
56	58
57	59
58	60
59	61
60	62
61	63
62	64
63	65
64	66
65	67
66	68
67	69
68	70
69	71
70	72
71	73
72	74
73	75
74	76
75	77
76	78
77	79
78	80
79	81
80	82
81	83
82	84
83	85
84	86
85	87
86	88
87	89
88	90
89	91
90	92
91	93
92	94
93	95
94	96
95	97
96	98
97	99
98	100
99	101
100	102
101	103
102	104
103	105
104	106
105	107
106	108
107	109
108	110
109	111
110	112
111	113
112	114
113	115
114	116
115	117
116	118
117	119
118	120
119	121
120	122
121	123
122	125
123	126
124	127
125	128
126	129
127	130
128	131
129	132
130	133
131	134
132	135
133	136
134	137
135	138
136	139
137	140
138	141
139	142
140	143
141	144
142	145
143	146
144	147
145	148
146	149
147	150
148	151
149	152
150	153
151	154
152	155
153	156
154	157
155	158
156	159
157	160
158	161
159	162
160	163
161	164
162	165
163	166
164	167
165	168
166	169
167	170
168	171
169	172
170	173
171	174
172	175
173	176
174	177
175	178
176	179
177	180
178	181
179	182
180	183
181	184
182	185
183	186
184	187
185	188
186	190
187	191
188	192
189	193
190	194
191	195
192	196
193	197
194	198
195	199
196	200
197	201
198	202
199	204
200	205
201	206
202	207
203	208
204	209
205	210
206	211
207	212
208	213
209	214
210	215
211	216
212	217
213	218
214	219
215	220
216	221
217	222
218	223
219	224
220	225
221	226
222	227
223	228
224	230
225	231
226	232
227	233
228	234
229	235
230	236
231	237
232	238
233	239
234	240
235	241
236	242
237	245
238	246
239	247
240	249
241	250
242	251
243	253
244	254
245	255
246	256
247	257
248	258
249	259
250	260
251	261
252	262
253	263
254	264
255	265
256	266
257	267
258	269
259	270
260	271
261	272
262	273
263	274
264	275
265	276
266	277
267	278
268	279
269	281
270	282
271	284
272	285
273	286
274	288
275	290
276	291
277	293
278	294
279	295
280	296
281	297
282	298
283	300
284	301
285	302
286	303
287	304
288	305
289	306
290	307
291	308
292	309
293	310
294	311
295	312
296	313
297	314
298	315
299	316
300	317
301	319
302	320
303	321
304	322
305	323
306	324
307	325
308	326
309	327
310	328
311	330
312	331
313	332
314	333
315	334
316	335
317	336
318	339
319	340
320	342
321	343
322	344
323	346
324	347
325	348
326	349
327	350
328	351
329	352
330	353
331	354
332	355
333	357
334	358
335	359
336	360
337	361
338	362
339	364
340	366
341	367
342	369
343	370
344	372
345	373
346	374
347	375
348	376
349	378
350	379
351	380
352	381
353	382
354	384
355	385
356	386
357	387
358	9747
359	389
360	390
361	392
362	393
363	394
364	395
365	396
366	397
367	398
368	399
369	401
370	402
371	403
372	404
373	406
374	407
375	408
376	410
377	412
378	413
379	414
380	415
381	416
382	417
383	418
384	419
385	420
386	421
387	422
388	423
389	424
390	425
391	426
392	427
393	428
394	430
395	431
396	433
397	434
398	435
399	436
400	437
401	438
402	9847
403	440
404	441
405	442
406	443
407	445
408	446
409	447
410	448
411	449
412	450
413	451
414	452
415	453
416	454
417	455
418	456
419	457
420	458
421	459
422	460
423	461
424	463
425	464
426	465
427	466
428	467
429	468
430	469
431	471
432	472
433	473
434	475
435	479
436	480
437	481
438	482
439	483
440	484
441	485
442	486
443	487
444	488
445	489
446	490
447	491
448	492
449	493
450	496
451	497
452	498
453	499
454	500
455	501
456	503
457	504
458	505
459	507
460	509
461	510
462	511
463	512
464	513
465	514
466	516
467	517
468	518
469	519
470	520
471	521
472	523
473	526
474	529
475	530
476	532
477	533
478	534
479	535
480	536
481	537
482	538
483	539
484	541
485	542
486	544
487	545
488	546
489	548
490	549
491	550
492	553
493	554
494	555
495	557
496	558
497	559
498	560
499	561
500	562
501	563
502	564
503	566
504	569
505	570
506	571
507	572
508	573
509	574
510	575
511	576
512	577
513	581
514	582
515	583
516	585
517	588
518	589
519	591
520	592
521	593
522	594
523	596
524	597
525	598
526	599
527	600
528	601
529	603
530	604
531	605
532	606
533	607
534	609
535	610
536	611
537	613
538	614
539	615
540	616
541	617
542	618
543	619
544	620
545	622
546	623
547	624
548	625
549	626
550	627
551	628
552	629
553	633
554	635
555	636
556	637
557	639
558	640
559	641
560	644
561	645
562	646
563	647
564	649
565	651
566	652
567	653
568	654
569	655
570	656
571	658
572	659
573	660
574	661
575	662
576	665
577	666
578	667
579	668
580	670
581	671
582	672
583	673
584	674
585	675
586	676
587	677
588	678
589	681
590	682
591	683
592	684
593	685
594	686
595	688
596	689
597	690
598	691
599	692
600	694
601	695
602	696
603	697
604	699
605	700
606	701
607	702
608	703
609	704
610	707
611	708
612	710
613	711
614	712
615	714
616	715
617	717
618	718
619	719
620	720
621	722
622	723
623	724
624	725
625	726
626	727
627	729
628	731
629	732
630	733
631	734
632	735
633	736
634	737
635	738
636	741
637	742
638	743
639	744
640	746
641	749
642	750
643	751
644	752
645	756
646	757
647	758
648	759
649	762
650	763
651	764
652	765
653	766
654	767
655	768
656	769
657	770
658	772
659	775
660	776
661	777
662	778
663	779
664	780
665	783
666	787
667	788
668	791
669	792
670	793
671	795
672	796
673	797
674	798
675	800
676	801
677	802
678	806
679	807
680	808
681	810
682	812
683	813
684	814
685	815
686	817
687	819
688	821
689	822
690	824
691	826
692	827
693	829
694	831
695	10511
696	835
697	836
698	837
699	839
700	841
701	842
702	843
703	844
704	845
705	846
706	848
707	849
708	850
709	851
710	852
711	854
712	856
713	10552
714	860
715	861
716	863
717	864
718	865
719	867
720	868
721	869
722	871
723	872
724	873
725	874
726	876
727	877
728	878
729	880
730	883
731	884
732	885
733	887
734	888
735	890
736	891
737	892
738	893
739	895
740	896
741	898
742	900
743	903
744	905
745	906
746	907
747	908
748	909
749	911
750	912
751	913
752	914
753	915
754	14723
755	920
756	921
757	922
758	923
759	924
760	926
761	928
762	929
763	930
764	931
765	932
766	935
767	938
768	939
769	941
770	942
771	944
772	946
773	948
774	949
775	950
776	951
777	952
778	953
779	954
780	957
781	958
782	963
783	964
784	965
785	966
786	968
787	969
788	970
789	971
790	972
791	974
792	978
793	979
794	985
795	986
796	987
797	988
798	989
799	991
800	992
801	994
802	995
803	996
804	997
805	1000
806	1001
807	1003
808	1004
809	1005
810	1006
811	1007
812	1008
813	1009
814	1010
815	1011
816	1013
817	1014
818	1015
819	1016
820	1024
821	1026
822	1028
823	1029
824	1031
825	1032
826	1034
827	1038
828	1039
829	1040
830	1041
831	1043
832	1044
833	1045
834	1046
835	1047
836	1048
837	1049
838	1051
839	1052
840	1053
841	1054
842	1055
843	1056
844	1057
845	1058
846	1059
847	1060
848	1064
849	1065
850	1066
851	1068
852	1071
853	1074
854	1079
855	1082
856	1084
857	1085
858	1087
859	1088
860	1089
861	1090
862	1092
863	1095
864	1096
865	1097
866	1098
867	1099
868	1102
869	1103
870	9197
871	1107
872	1108
873	1109
874	1110
875	1111
876	1112
877	1113
878	1114
879	1117
880	1119
881	1120
882	1124
883	1126
884	1127
885	1131
886	1133
887	1137
888	1138
889	1139
890	1141
891	1142
892	1143
893	1148
894	1150
895	1152
896	1154
897	1158
898	1159
899	1161
900	1162
901	1163
902	1164
903	1165
904	1166
905	1169
906	1170
907	1171
908	1173
909	1177
910	1179
911	1180
912	1185
913	1188
914	1189
915	1190
916	1191
917	1193
918	1194
919	1195
920	1196
921	1197
922	1200
923	1201
924	1202
925	1203
926	1205
927	1206
928	1209
929	1210
930	1211
931	1212
932	1213
933	1214
934	1215
935	1216
936	1217
937	1218
938	1220
939	1221
940	1223
941	1224
942	1229
943	1230
944	1231
945	1232
946	1233
947	1234
948	1236
949	1237
950	1238
951	1239
952	1241
953	1242
954	1243
955	1244
956	1246
957	1247
958	1248
959	1252
960	1253
961	1254
962	1257
963	1258
964	1259
965	1260
966	1261
967	1262
968	1263
969	1264
970	1265
971	1267
972	1269
973	1270
974	1271
975	1272
976	1273
977	1275
978	1276
979	1277
980	1278
981	1282
982	1284
983	1285
984	1287
985	1289
986	1290
987	1291
988	1292
989	1295
990	1296
991	1297
992	1298
993	1299
994	1302
995	1305
996	1311
997	1316
998	1318
999	1320
1000	1321
1001	1326
1002	1327
1003	1329
1004	1332
1005	1334
1006	1335
1007	1337
1008	1339
1009	1341
1010	1342
1011	1343
1012	1344
1013	1345
1014	1346
1015	1348
1016	1349
1017	1353
1018	1354
1019	1356
1020	1357
1021	1358
1022	1360
1023	1362
1024	1363
1025	1364
1026	1367
1027	1370
1028	1372
1029	1374
1030	1375
1031	1379
1032	1381
1033	1385
1034	1386
1035	1387
1036	1389
1037	1390
1038	1393
1039	1395
1040	1396
1041	1397
1042	1400
1043	1401
1044	1402
1045	1404
1046	1405
1047	1407
1048	1408
1049	1409
1050	1411
1051	1412
1052	1413
1053	1414
1054	1416
1055	1417
1056	1419
1057	1422
1058	1423
1059	1427
1060	1429
1061	1435
1062	1436
1063	1437
1064	1441
1065	1445
1066	1446
1067	1447
1068	1449
1069	1451
1070	1452
1071	1453
1072	1454
1073	1455
1074	1457
1075	1460
1076	1461
1077	1465
1078	1468
1079	1469
1080	1471
1081	1472
1082	1474
1083	1475
1084	1481
1085	1483
1086	1484
1087	1485
1088	1488
1089	1489
1090	1490
1091	1494
1092	1495
1093	1497
1094	1500
1095	1505
1096	1506
1097	1510
1098	1512
1099	1513
1100	1514
1101	1515
1102	1516
1103	1518
1104	1519
1105	1520
1106	1524
1107	1526
1108	1528
1109	1530
1110	1534
1111	1536
1112	1539
1113	1543
1114	1545
1115	1546
1116	1547
1117	1548
1118	1549
1119	1550
1120	1556
1121	1564
1122	1565
1123	1566
1124	1567
1125	1571
1126	1572
1127	1573
1128	1579
1129	1582
1130	1591
1131	1592
1132	1593
1133	1596
1134	1603
1135	1604
1136	1606
1137	1607
1138	1611
1139	1612
1140	1624
1141	1625
1142	1626
1143	1630
1144	1631
1145	1633
1146	1637
1147	1638
1148	1639
1149	1640
1150	1644
1151	1646
1152	1649
1153	1653
1154	1654
1155	1656
1156	1657
1157	1658
1158	1660
1159	1664
1160	1669
1161	1676
1162	1678
1163	1684
1164	1685
1165	1686
1166	1687
1167	1688
1168	1689
1169	1690
1170	1693
1171	1695
1172	1696
1173	12075
1174	1698
1175	1701
1176	1702
1177	1703
1178	1704
1179	1710
1180	1714
1181	1715
1182	1719
1183	1722
1184	1723
1185	1725
1186	1726
1187	1728
1188	1729
1189	1732
1190	1737
1191	1739
1192	1740
1193	1741
1194	1743
1195	1746
1196	1747
1197	1749
1198	12194
1199	1756
1200	1758
1201	14999
1202	1765
1203	1766
1204	1767
1205	1772
1206	1773
1207	1774
1208	1775
1209	1781
1210	1782
1211	1783
1212	1790
1213	1792
1214	1795
1215	1796
1216	1797
1217	1799
1218	1801
1219	1803
1220	1811
1221	1813
1222	1814
1223	1815
1224	1817
1225	1818
1226	1821
1227	1823
1228	1826
1229	1829
1230	1830
1231	1832
1232	1833
1233	1834
1234	1835
1235	1838
1236	1847
1237	1848
1238	1849
1239	1852
1240	1857
1241	1861
1242	1863
1243	1867
1244	1868
1245	1871
1246	1872
1247	1875
1248	1882
1249	1883
1250	1885
1251	1892
1252	1895
1253	1896
1254	1898
1255	1903
1256	1904
1257	1905
1258	1911
1259	1913
1260	1917
1261	1922
1262	1923
1263	1925
1264	1926
1265	1927
1266	1929
1267	1930
1268	1937
1269	1938
1270	1939
1271	1945
1272	1950
1273	1951
1274	1954
1275	1955
1276	1960
1277	1961
1278	1963
1279	1965
1280	12664
1281	1968
1282	1973
1283	1974
1284	1979
1285	1980
1286	1981
1287	12693
1288	1986
1289	1993
1290	1997
1291	1998
1292	2003
1293	2004
1294	2006
1295	2009
1296	2015
1297	2016
1298	2023
1299	2024
1300	2026
1301	2030
1302	2034
1303	2041
1304	2044
1305	2046
1306	2047
1307	2055
1308	2056
1309	2059
1310	2064
1311	2065
1312	2066
1313	2068
1314	2070
1315	2071
1316	2072
1317	2076
1318	2080
1319	2083
1320	2093
1321	2095
1322	2097
1323	2102
1324	2103
1325	2104
1326	2106
1327	2108
1328	2112
1329	2114
1330	2116
1331	2119
1332	2121
1333	2123
1334	2124
1335	2126
1336	2128
1337	2129
1338	2130
1339	2132
1340	2134
1341	2135
1342	2138
1343	2139
1344	2140
1345	2142
1346	2145
1347	2150
1348	2151
1349	2153
1350	2156
1351	2159
1352	2160
1353	2163
1354	2165
1355	2168
1356	2172
1357	2179
1358	2180
1359	2181
1360	2185
1361	2186
1362	2190
1363	2193
1364	2204
1365	2206
1366	2207
1367	2219
1368	2221
1369	2223
1370	2225
1371	2226
1372	2227
1373	2229
1374	2230
1375	2233
1376	2235
1377	2236
1378	2238
1379	2241
1380	2246
1381	2256
1382	2257
1383	2258
1384	2270
1385	2271
1386	2284
1387	2287
1388	2288
1389	2291
1390	2295
1391	2297
1392	2301
1393	2304
1394	2308
1395	2310
1396	2311
1397	2314
1398	2318
1399	2322
1400	2324
1401	2326
1402	2342
1403	2343
1404	13470
1405	2349
1406	2350
1407	2352
1408	2354
1409	2361
1410	2362
1411	2367
1412	2369
1413	2373
1414	2375
1415	2376
1416	2382
1417	2383
1418	2394
1419	2396
1420	2397
1421	2405
1422	2409
1423	2411
1424	2419
1425	2422
1426	2429
1427	2430
1428	2431
1429	2432
1430	2434
1431	2435
1432	2436
1433	2437
1434	2438
1435	2439
1436	2450
1437	2453
1438	2454
1439	2460
1440	2461
1441	2464
1442	2465
1443	2472
1444	2476
1445	2477
1446	2482
1447	2486
1448	2487
1449	2488
1450	2491
1451	2496
1452	2502
1453	2503
1454	2508
1455	2510
1456	2511
1457	2516
1458	2522
1459	2525
1460	2530
1461	2535
1462	2536
1463	2538
1464	2539
1465	2540
1466	2546
1467	2547
1468	2551
1469	2554
1470	2555
1471	2556
1472	2562
1473	2563
1474	2567
1475	2571
1476	2572
1477	2578
1478	2579
1479	2580
1480	2584
1481	2595
1482	2598
1483	2601
1484	2602
1485	2603
1486	2604
1487	2605
1488	2606
1489	2618
1490	2621
1491	2622
1492	2624
1493	2627
1494	2634
1495	2636
1496	2644
1497	2651
1498	2653
1499	2655
1500	2656
1501	2658
1502	2665
1503	2669
1504	2685
1505	2686
1506	2692
1507	2693
1508	2694
1509	2696
1510	2699
1511	2706
1512	2707
1513	2716
1514	2718
1515	2723
1516	2724
1517	2726
1518	2732
1519	2733
1520	2740
1521	2744
1522	2749
1523	2750
1524	2752
1525	2756
1526	2763
1527	2775
1528	2779
1529	2784
1530	2786
1531	2790
1532	2799
1533	2800
1534	2801
1535	2806
1536	2808
1537	2810
1538	2818
1539	2830
1540	2832
1541	2839
1542	2841
1543	2844
1544	2847
1545	2855
1546	2860
1547	2872
1548	2877
1549	2881
1550	2884
1551	2888
1552	2896
1553	2900
1554	2909
1555	2916
1556	2920
1557	2921
1558	2929
1559	2936
1560	2938
1561	2939
1562	2943
1563	2954
1564	2959
1565	2960
1566	2962
1567	2967
1568	2973
1569	2977
1570	2980
1571	2981
1572	2983
1573	2984
1574	2985
1575	2987
1576	2988
1577	2991
1578	2993
1579	2995
1580	2997
1581	2998
1582	3002
1583	3007
1584	3014
1585	3017
1586	3022
1587	3028
1588	3031
1589	3033
1590	3034
1591	3035
1592	3039
1593	3041
1594	3045
1595	3047
1596	3074
1597	3075
1598	3077
1599	3080
1600	3088
1601	3092
1602	3094
1603	3095
1604	3100
1605	3104
1606	3107
1607	3109
1608	3110
1609	3111
1610	3119
1611	3133
1612	3134
1613	3142
1614	3147
1615	3156
1616	3157
1617	3161
1618	3164
1619	3175
1620	3178
1621	3179
1622	3180
1623	3186
1624	3196
1625	3198
1626	3208
1627	3217
1628	3225
1629	3227
1630	3232
1631	3233
1632	3234
1633	3241
1634	3245
1635	3258
1636	3265
1637	3270
1638	3271
1639	3273
1640	3278
1641	3285
1642	3289
1643	3291
1644	3292
1645	3300
1646	3301
1647	3322
1648	3323
1649	3336
1650	3342
1651	3352
1652	3353
1653	3354
1654	3355
1655	3359
1656	3360
1657	3361
1658	3363
1659	3372
1660	3386
1661	3388
1662	3389
1663	3390
1664	3391
1665	3397
1666	3401
1667	3403
1668	3407
1669	3408
1670	3412
1671	3417
1672	3431
1673	3435
1674	3437
1675	3446
1676	3450
1677	3453
1678	3469
1679	3470
1680	3473
1681	3477
1682	3481
1683	3488
1684	3496
1685	3499
1686	3502
1687	3504
1688	3505
1689	3508
1690	3519
1691	3520
1692	3540
1693	3542
1694	3551
1695	3554
1696	3559
1697	3565
1698	3577
1699	3579
1700	3596
1701	3599
1702	3612
1703	3618
1704	3624
1705	10111
1706	3655
1707	3664
1708	3672
1709	3674
1710	3685
1711	3690
1712	3699
1713	3700
1714	3701
1715	3702
1716	3704
1717	3707
1718	3709
1719	3711
1720	3712
1721	3724
1722	3729
1723	3736
1724	3741
1725	3746
1726	3750
1727	3763
1728	3785
1729	3788
1730	3796
1731	3798
1732	3810
1733	17194
1734	3821
1735	3826
1736	3841
1737	3843
1738	3850
1739	3852
1740	3857
1741	3859
1742	3866
1743	3870
1744	3886
1745	3896
1746	3905
1747	3916
1748	3928
1749	3929
1750	3931
1751	3943
1752	3945
1753	3947
1754	3949
1755	3952
1756	3982
1757	3990
1758	3998
1759	4001
1760	4004
1761	4007
1762	4012
1763	4015
1764	4016
1765	4021
1766	4026
1767	4029
1768	4036
1769	4040
1770	4041
1771	4044
1772	4055
1773	4070
1774	4074
1775	4076
1776	4077
1777	4083
1778	4088
1779	4102
1780	4119
1781	4120
1782	4125
1783	4126
1784	4132
1785	4147
1786	4155
1787	4162
1788	4168
1789	4174
1790	4175
1791	4178
1792	4199
1793	4203
1794	4211
1795	4213
1796	4250
1797	4261
1798	4266
1799	4278
1800	4298
1801	4302
1802	4310
1803	4313
1804	4315
1805	4329
1806	4330
1807	4333
1808	4337
1809	4340
1810	4343
1811	4347
1812	4348
1813	4349
1814	4352
1815	4363
1816	4383
1817	4387
1818	4406
1819	4416
1820	4434
1821	4442
1822	4443
1823	4447
1824	4453
1825	4472
1826	4486
1827	4492
1828	4561
1829	4564
1830	4565
1831	4586
1832	4591
1833	4598
1834	4601
1835	4605
1836	4611
1837	4632
1838	4639
1839	4642
1840	4644
1841	4646
1842	4654
1843	4658
1844	4663
1845	4684
1846	4713
1847	4718
1848	4720
1849	4721
1850	4724
1851	4733
1852	4741
1853	4755
1854	4763
1855	4771
1856	4783
1857	4784
1858	4819
1859	4837
1860	4845
1861	4862
1862	4868
1863	4875
1864	4887
1865	4911
1866	4916
1867	4929
1868	4937
1869	4940
1870	4949
1871	4952
1872	4980
1873	4989
1874	4995
1875	5005
1876	5006
1877	5008
1878	5012
1879	5029
1880	5033
1881	5043
1882	5044
1883	5053
1884	5069
1885	5134
1886	5135
1887	5137
1888	5155
1889	5161
1890	5203
1891	5210
1892	5262
1893	5272
1894	5316
1895	5326
1896	5328
1897	5336
1898	5339
1899	5364
1900	5401
1901	5424
1902	5434
1903	5443
1904	5446
1905	5499
1906	5513
1907	5529
1908	5586
1909	5641
1910	5649
1911	5697
1912	5707
1913	5712
1914	5773
1915	5821
1916	5832
1917	5888
1918	5898
1919	5900
1920	5910
1921	5921
1922	5926
1923	5946
1924	5955
1925	5975
1926	5979
1927	6042
1928	6120
1929	6260
1930	6287
1931	6316
1932	6348
1933	6387
1934	6424
1935	6426
1936	6471
1937	6511
1938	6546
1939	6574
1940	6582
1941	6655
1942	6673
1943	6675
1944	6714
1945	6768
1946	6775
1947	6819
1948	6824
1949	6869
1950	6904
1951	6935
1952	6939
1953	6991
1954	7019
1955	13774
1956	7232
1957	7291
1958	7333
1959	7339
1960	7341
1961	7346
1962	7348
1963	7407
1964	7434
1965	7446
1966	7496
1967	7540
1968	7553
1969	7564
1970	7603
1971	7629
1972	7649
1973	7673
1974	7705
1975	7716
1976	7863
1977	7929
1978	7935
1979	7968
1980	8004
1981	8093
1982	8152
1983	8156
1984	8175
1985	8247
1986	8255
1987	8307
1988	8406
1989	8523
1990	8525
1991	8633
1992	8641
1993	8654
1994	8711
1995	8715
1996	8730
1997	8764
1998	9076
1999	9132
