0	2
1	3
2	4
3	5
4	6
5	7
6	8
7	9
8	10
9	11
10	12
11	13
12	14
13	15
14	16
15	17
16	18
17	19
18	20
19	21
20	22
21	23
22	24
23	25
24	26
25	27
26	28
27	29
28	30
29	31
30	32
31	33
32	34
33	35
34	36
35	37
36	38
37	39
38	40
39	41
40	42
41	43
42	44
43	45
44	46
45	47
46	48
47	49
48	50
49	51
50	52
51	53
52	54
53	55
54	56
55	58
56	59
57	60
58	61
59	63
60	64
61	65
62	66
63	67
64	68
65	69
66	70
67	71
68	72
69	73
70	74
71	75
72	76
73	77
74	78
75	79
76	80
77	81
78	82
79	83
80	84
81	85
82	86
83	87
84	88
85	89
86	90
87	91
88	92
89	93
90	94
91	95
92	96
93	98
94	99
95	100
96	101
97	102
98	103
99	104
100	105
101	106
102	107
103	108
104	109
105	111
106	112
107	113
108	114
109	115
110	116
111	117
112	118
113	119
114	120
115	121
116	122
117	123
118	125
119	126
120	127
121	128
122	129
123	130
124	131
125	132
126	133
127	134
128	135
129	136
130	137
131	138
132	139
133	140
134	141
135	143
136	144
137	145
138	146
139	147
140	148
141	149
142	150
143	151
144	152
145	153
146	154
147	155
148	156
149	157
150	158
151	159
152	160
153	161
154	162
155	163
156	164
157	165
158	166
159	167
160	168
161	169
162	171
163	172
164	173
165	174
166	175
167	176
168	177
169	178
170	179
171	180
172	181
173	182
174	183
175	184
176	185
177	186
178	187
179	188
180	189
181	190
182	191
183	193
184	194
185	195
186	196
187	197
188	198
189	199
190	200
191	201
192	202
193	204
194	205
195	206
196	207
197	209
198	210
199	211
200	212
201	214
202	215
203	216
204	217
205	218
206	219
207	220
208	221
209	222
210	223
211	225
212	226
213	227
214	228
215	229
216	230
217	231
218	232
219	233
220	234
221	235
222	236
223	237
224	238
225	239
226	240
227	241
228	242
229	243
230	244
231	245
232	246
233	247
234	248
235	249
236	250
237	251
238	252
239	253
240	254
241	255
242	256
243	257
244	258
245	260
246	261
247	262
248	263
249	264
250	265
251	266
252	267
253	268
254	269
255	270
256	271
257	272
258	273
259	274
260	275
261	276
262	277
263	278
264	279
265	280
266	281
267	282
268	283
269	284
270	285
271	286
272	287
273	288
274	289
275	290
276	291
277	292
278	293
279	294
280	295
281	296
282	297
283	299
284	300
285	301
286	302
287	303
288	304
289	305
290	306
291	308
292	309
293	310
294	311
295	312
296	313
297	314
298	315
299	316
300	317
301	318
302	319
303	321
304	322
305	324
306	327
307	328
308	329
309	330
310	331
311	332
312	334
313	335
314	337
315	338
316	339
317	340
318	341
319	342
320	343
321	344
322	345
323	347
324	348
325	349
326	350
327	351
328	352
329	353
330	354
331	355
332	357
333	358
334	360
335	361
336	362
337	363
338	364
339	365
340	366
341	367
342	371
343	372
344	374
345	375
346	377
347	378
348	379
349	381
350	382
351	383
352	384
353	386
354	387
355	388
356	389
357	391
358	392
359	393
360	394
361	395
362	397
363	399
364	400
365	401
366	402
367	403
368	404
369	405
370	406
371	408
372	409
373	411
374	412
375	413
376	414
377	415
378	416
379	417
380	418
381	419
382	420
383	421
384	424
385	425
386	426
387	427
388	428
389	429
390	430
391	431
392	432
393	433
394	434
395	435
396	436
397	437
398	438
399	440
400	441
401	443
402	444
403	445
404	446
405	447
406	449
407	450
408	453
409	455
410	456
411	457
412	458
413	460
414	461
415	464
416	465
417	467
418	468
419	469
420	470
421	471
422	472
423	473
424	474
425	475
426	476
427	477
428	478
429	479
430	480
431	482
432	483
433	484
434	485
435	486
436	487
437	488
438	489
439	490
440	491
441	492
442	494
443	496
444	497
445	498
446	500
447	501
448	502
449	503
450	504
451	505
452	508
453	512
454	513
455	514
456	516
457	518
458	519
459	520
460	521
461	522
462	523
463	524
464	525
465	527
466	528
467	529
468	530
469	531
470	532
471	533
472	536
473	538
474	539
475	540
476	541
477	542
478	544
479	545
480	546
481	547
482	548
483	549
484	550
485	552
486	554
487	556
488	557
489	558
490	559
491	561
492	562
493	563
494	564
495	565
496	566
497	567
498	569
499	571
500	572
501	573
502	575
503	576
504	577
505	578
506	579
507	581
508	582
509	583
510	584
511	585
512	586
513	587
514	588
515	589
516	590
517	591
518	592
519	593
520	594
521	595
522	598
523	599
524	601
525	602
526	603
527	605
528	606
529	608
530	612
531	615
532	617
533	620
534	621
535	622
536	623
537	624
538	626
539	627
540	629
541	630
542	631
543	635
544	637
545	638
546	639
547	640
548	642
549	643
550	644
551	645
552	646
553	647
554	648
555	649
556	651
557	652
558	653
559	654
560	656
561	657
562	659
563	660
564	661
565	663
566	664
567	665
568	666
569	667
570	669
571	670
572	671
573	673
574	674
575	675
576	676
577	677
578	679
579	680
580	682
581	683
582	684
583	685
584	687
585	690
586	691
587	692
588	693
589	694
590	696
591	697
592	698
593	699
594	700
595	701
596	702
597	703
598	706
599	707
600	711
601	712
602	714
603	715
604	717
605	718
606	719
607	720
608	722
609	723
610	724
611	725
612	726
613	727
614	728
615	729
616	730
617	731
618	732
619	733
620	736
621	738
622	739
623	740
624	742
625	743
626	745
627	746
628	747
629	748
630	749
631	750
632	751
633	753
634	756
635	757
636	758
637	759
638	760
639	761
640	762
641	763
642	765
643	767
644	768
645	769
646	770
647	771
648	772
649	773
650	774
651	776
652	777
653	778
654	780
655	781
656	782
657	783
658	784
659	787
660	788
661	789
662	790
663	791
664	793
665	794
666	795
667	797
668	798
669	799
670	801
671	805
672	9513
673	807
674	809
675	812
676	813
677	816
678	818
679	821
680	822
681	823
682	825
683	826
684	827
685	828
686	830
687	831
688	832
689	833
690	834
691	835
692	836
693	837
694	840
695	843
696	847
697	851
698	852
699	853
700	854
701	855
702	856
703	859
704	860
705	865
706	866
707	870
708	871
709	872
710	873
711	874
712	875
713	876
714	877
715	879
716	880
717	882
718	883
719	884
720	885
721	886
722	888
723	891
724	893
725	895
726	896
727	898
728	899
729	900
730	904
731	906
732	908
733	910
734	911
735	912
736	914
737	916
738	917
739	918
740	919
741	920
742	921
743	922
744	923
745	924
746	925
747	926
748	928
749	929
750	930
751	931
752	934
753	935
754	936
755	937
756	940
757	941
758	942
759	946
760	947
761	949
762	951
763	952
764	953
765	954
766	955
767	956
768	957
769	959
770	960
771	965
772	968
773	971
774	972
775	974
776	975
777	977
778	979
779	981
780	983
781	985
782	986
783	987
784	988
785	989
786	990
787	991
788	992
789	993
790	994
791	995
792	996
793	997
794	999
795	1000
796	1002
797	1003
798	1004
799	1008
800	1009
801	1010
802	1011
803	1012
804	1017
805	1020
806	1021
807	1022
808	1023
809	1024
810	1025
811	1026
812	1027
813	1028
814	1030
815	1032
816	1033
817	1039
818	1043
819	1044
820	1045
821	1046
822	1048
823	1049
824	1051
825	1054
826	1056
827	1060
828	1062
829	1063
830	1065
831	1066
832	1068
833	1069
834	1071
835	1073
836	1074
837	1075
838	1079
839	1081
840	1085
841	1086
842	1088
843	1090
844	1092
845	1094
846	1096
847	1097
848	1098
849	1099
850	1100
851	1101
852	1103
853	1104
854	1106
855	1107
856	1108
857	1109
858	1110
859	1111
860	1115
861	1118
862	1121
863	1123
864	1127
865	1128
866	1129
867	1132
868	1133
869	1134
870	1136
871	1139
872	1140
873	1141
874	1142
875	1145
876	1149
877	1150
878	1151
879	1154
880	1155
881	1157
882	1159
883	1162
884	1167
885	1174
886	1175
887	1176
888	1177
889	1178
890	1179
891	1185
892	1186
893	1189
894	1190
895	1192
896	1193
897	1200
898	1201
899	1202
900	1203
901	1204
902	1205
903	1209
904	1210
905	1214
906	1215
907	1216
908	1217
909	1218
910	1220
911	1221
912	1224
913	1227
914	1229
915	1230
916	1231
917	1233
918	1235
919	1237
920	1239
921	1241
922	1243
923	1244
924	1245
925	1247
926	1248
927	1249
928	1251
929	1252
930	1254
931	1255
932	1258
933	1261
934	1262
935	1265
936	1270
937	1272
938	1274
939	1275
940	1276
941	1278
942	1279
943	1280
944	1283
945	1284
946	1285
947	1286
948	1287
949	1289
950	1291
951	1292
952	1294
953	1296
954	1299
955	1303
956	1304
957	1305
958	1307
959	1308
960	1309
961	1315
962	1318
963	1320
964	1321
965	1323
966	1325
967	1326
968	1327
969	1328
970	1329
971	1330
972	1332
973	1334
974	1336
975	1337
976	1339
977	1340
978	1341
979	1342
980	1343
981	1345
982	1346
983	1347
984	1348
985	1349
986	1350
987	1351
988	1353
989	1354
990	1355
991	1360
992	1361
993	1366
994	1367
995	1369
996	1374
997	1377
998	1379
999	1383
1000	1384
1001	1388
1002	1389
1003	1390
1004	1392
1005	1393
1006	1394
1007	1397
1008	1398
1009	1399
1010	1400
1011	1401
1012	1402
1013	1406
1014	1407
1015	1411
1016	1413
1017	1414
1018	1415
1019	1417
1020	1420
1021	1422
1022	1424
1023	1425
1024	1426
1025	1429
1026	1430
1027	1431
1028	1433
1029	1435
1030	1442
1031	1444
1032	1445
1033	1447
1034	1450
1035	1451
1036	1457
1037	11587
1038	1462
1039	1463
1040	1464
1041	1465
1042	1466
1043	1471
1044	1472
1045	1474
1046	1476
1047	1478
1048	1479
1049	1480
1050	1482
1051	1483
1052	1484
1053	1488
1054	1489
1055	1492
1056	1493
1057	1495
1058	1497
1059	1501
1060	1502
1061	1503
1062	1504
1063	1505
1064	1508
1065	1510
1066	1511
1067	1512
1068	1513
1069	1514
1070	1516
1071	1519
1072	1522
1073	1523
1074	1524
1075	1525
1076	1526
1077	1527
1078	1529
1079	1540
1080	1541
1081	1542
1082	1545
1083	1546
1084	1552
1085	1555
1086	1557
1087	1558
1088	1559
1089	1561
1090	1562
1091	1563
1092	1564
1093	1565
1094	1567
1095	1568
1096	1571
1097	1572
1098	1574
1099	1575
1100	1577
1101	1578
1102	1579
1103	1580
1104	1581
1105	1582
1106	1583
1107	1586
1108	1587
1109	1588
1110	1589
1111	1594
1112	1599
1113	1600
1114	1601
1115	1605
1116	1607
1117	1614
1118	1615
1119	1617
1120	1618
1121	1619
1122	1622
1123	1623
1124	1626
1125	1627
1126	1630
1127	1634
1128	1635
1129	1636
1130	1638
1131	1640
1132	1643
1133	1644
1134	1646
1135	1647
1136	1648
1137	1652
1138	1653
1139	1655
1140	1657
1141	1658
1142	1659
1143	1665
1144	1666
1145	1667
1146	1672
1147	1673
1148	1676
1149	1677
1150	1678
1151	1680
1152	1681
1153	1682
1154	1685
1155	1686
1156	1687
1157	1689
1158	1690
1159	1692
1160	1693
1161	1696
1162	1700
1163	1703
1164	1705
1165	1706
1166	1707
1167	1711
1168	1712
1169	1716
1170	1724
1171	1725
1172	1728
1173	1729
1174	1730
1175	1731
1176	1733
1177	1736
1178	1738
1179	9534
1180	1745
1181	1747
1182	1748
1183	1754
1184	1757
1185	1761
1186	1763
1187	1764
1188	1765
1189	1768
1190	1769
1191	1771
1192	1778
1193	1780
1194	1785
1195	1786
1196	1792
1197	1793
1198	1798
1199	1800
1200	1801
1201	1802
1202	1805
1203	1813
1204	1815
1205	1816
1206	1818
1207	1824
1208	1826
1209	1831
1210	1832
1211	1840
1212	1847
1213	1851
1214	1852
1215	1853
1216	1856
1217	1857
1218	1859
1219	1861
1220	1862
1221	1865
1222	1869
1223	1870
1224	1871
1225	1872
1226	1880
1227	1883
1228	1884
1229	1886
1230	1887
1231	1889
1232	1891
1233	1892
1234	1893
1235	1894
1236	1895
1237	1897
1238	1902
1239	1905
1240	1906
1241	1907
1242	1909
1243	1910
1244	1916
1245	1921
1246	1924
1247	1928
1248	1929
1249	1931
1250	1932
1251	1934
1252	1940
1253	1941
1254	1945
1255	1946
1256	1947
1257	1953
1258	1955
1259	1958
1260	1959
1261	1961
1262	1964
1263	1965
1264	1968
1265	1970
1266	1971
1267	1978
1268	1984
1269	1988
1270	1991
1271	1996
1272	1997
1273	1999
1274	2001
1275	2005
1276	2006
1277	2007
1278	2008
1279	2010
1280	2012
1281	2015
1282	2016
1283	2018
1284	2021
1285	2028
1286	2030
1287	2031
1288	2034
1289	2037
1290	2041
1291	2043
1292	2044
1293	2045
1294	2051
1295	2052
1296	2054
1297	2060
1298	2064
1299	2067
1300	2068
1301	2072
1302	2074
1303	2075
1304	2077
1305	2078
1306	2079
1307	2085
1308	2089
1309	2092
1310	2093
1311	2094
1312	2096
1313	2101
1314	2102
1315	12737
1316	2104
1317	2106
1318	2110
1319	2111
1320	2114
1321	2116
1322	2127
1323	2128
1324	2136
1325	2142
1326	2143
1327	2144
1328	2146
1329	2148
1330	2150
1331	2153
1332	2154
1333	2158
1334	2159
1335	2167
1336	2168
1337	2169
1338	2175
1339	2179
1340	2182
1341	2187
1342	2192
1343	2197
1344	2198
1345	2200
1346	2202
1347	2204
1348	2205
1349	2209
1350	2220
1351	2222
1352	2223
1353	2227
1354	2235
1355	2238
1356	2239
1357	2243
1358	2246
1359	2248
1360	2250
1361	2252
1362	2255
1363	2259
1364	2261
1365	2265
1366	2273
1367	2275
1368	2276
1369	2277
1370	2278
1371	2279
1372	2285
1373	2288
1374	2290
1375	2292
1376	2296
1377	2299
1378	2301
1379	2307
1380	2312
1381	12018
1382	2320
1383	2321
1384	2326
1385	2331
1386	2334
1387	2339
1388	2340
1389	2341
1390	2344
1391	2345
1392	2349
1393	2351
1394	2352
1395	2355
1396	2356
1397	2357
1398	2362
1399	2363
1400	2365
1401	2366
1402	2370
1403	2371
1404	2374
1405	2378
1406	2381
1407	2382
1408	2388
1409	2389
1410	2394
1411	2396
1412	2398
1413	2400
1414	2405
1415	2407
1416	2412
1417	2413
1418	2417
1419	2429
1420	2431
1421	2432
1422	2434
1423	2435
1424	2438
1425	2440
1426	2451
1427	2457
1428	2458
1429	2459
1430	2464
1431	2472
1432	2473
1433	2474
1434	2475
1435	2478
1436	2481
1437	2483
1438	2486
1439	2489
1440	2493
1441	2495
1442	2497
1443	2500
1444	13642
1445	2505
1446	2510
1447	2515
1448	2516
1449	2519
1450	2523
1451	2525
1452	2533
1453	2535
1454	2543
1455	2544
1456	2545
1457	2547
1458	2548
1459	2551
1460	2557
1461	2565
1462	2566
1463	2572
1464	2573
1465	2581
1466	2582
1467	2587
1468	2588
1469	2591
1470	2592
1471	2593
1472	2601
1473	2604
1474	2608
1475	2610
1476	2616
1477	2618
1478	2620
1479	2626
1480	2634
1481	2635
1482	2637
1483	3175
1484	2642
1485	2643
1486	2644
1487	2646
1488	2647
1489	2648
1490	2650
1491	2656
1492	2662
1493	2663
1494	2666
1495	2669
1496	2671
1497	2679
1498	2683
1499	2684
1500	2688
1501	2689
1502	2693
1503	2695
1504	2698
1505	2701
1506	2706
1507	2708
1508	2714
1509	2719
1510	2720
1511	2722
1512	2724
1513	2725
1514	2748
1515	2751
1516	2752
1517	2755
1518	2762
1519	2768
1520	2772
1521	2773
1522	2779
1523	2783
1524	2791
1525	2793
1526	2804
1527	2806
1528	2810
1529	2811
1530	2814
1531	2818
1532	2820
1533	2842
1534	2846
1535	2847
1536	2850
1537	2857
1538	2862
1539	2871
1540	2874
1541	2876
1542	2877
1543	2883
1544	2885
1545	2886
1546	2888
1547	2890
1548	2891
1549	2897
1550	2906
1551	2907
1552	2909
1553	2911
1554	2912
1555	2922
1556	2924
1557	2926
1558	2931
1559	2932
1560	2933
1561	2934
1562	2938
1563	2940
1564	2947
1565	2949
1566	2950
1567	2956
1568	2962
1569	2965
1570	2967
1571	2980
1572	2981
1573	2983
1574	2985
1575	2986
1576	2994
1577	3002
1578	3003
1579	3005
1580	3019
1581	3023
1582	9881
1583	3028
1584	3032
1585	3036
1586	3037
1587	3039
1588	3040
1589	3045
1590	3050
1591	3057
1592	3063
1593	3065
1594	3070
1595	3071
1596	3079
1597	3085
1598	3086
1599	3089
1600	3092
1601	3096
1602	3099
1603	3100
1604	3107
1605	3115
1606	3122
1607	3129
1608	3134
1609	3140
1610	3145
1611	3149
1612	3154
1613	3168
1614	3173
1615	15176
1616	15201
1617	3189
1618	3193
1619	3201
1620	3205
1621	3207
1622	3215
1623	3222
1624	3230
1625	3243
1626	3244
1627	3247
1628	3256
1629	3259
1630	3260
1631	3263
1632	3268
1633	3272
1634	15548
1635	3282
1636	3290
1637	3292
1638	3295
1639	3304
1640	3305
1641	3313
1642	3314
1643	3316
1644	3321
1645	3326
1646	3327
1647	3331
1648	3334
1649	3338
1650	3340
1651	3341
1652	9196
1653	3347
1654	3359
1655	3360
1656	3363
1657	3364
1658	3372
1659	3376
1660	3378
1661	3385
1662	3389
1663	3398
1664	3401
1665	3407
1666	3429
1667	3433
1668	3435
1669	3438
1670	3439
1671	3442
1672	3443
1673	3444
1674	3445
1675	3447
1676	3449
1677	3453
1678	3454
1679	3463
1680	3469
1681	3471
1682	3472
1683	3474
1684	3479
1685	3482
1686	3496
1687	3506
1688	3507
1689	3510
1690	3511
1691	3512
1692	3517
1693	3518
1694	3520
1695	3526
1696	3527
1697	3530
1698	3533
1699	3568
1700	3575
1701	3580
1702	3593
1703	3598
1704	3610
1705	3612
1706	3615
1707	3618
1708	3627
1709	3628
1710	3629
1711	3641
1712	3649
1713	3650
1714	3655
1715	3662
1716	3664
1717	3678
1718	3682
1719	3683
1720	3699
1721	3711
1722	3715
1723	3726
1724	3728
1725	3739
1726	3744
1727	3745
1728	3749
1729	3784
1730	3793
1731	3799
1732	3804
1733	3811
1734	3823
1735	3827
1736	3836
1737	3837
1738	3838
1739	3852
1740	3856
1741	3857
1742	3863
1743	3880
1744	3886
1745	3896
1746	3902
1747	3910
1748	3916
1749	3917
1750	3921
1751	3939
1752	3957
1753	3970
1754	3983
1755	3984
1756	3987
1757	4001
1758	4020
1759	4027
1760	4041
1761	4048
1762	4053
1763	4054
1764	4056
1765	4058
1766	4060
1767	4063
1768	4070
1769	4076
1770	4077
1771	4082
1772	4086
1773	4098
1774	4099
1775	4110
1776	4126
1777	4127
1778	4130
1779	4131
1780	4152
1781	4155
1782	17875
1783	4158
1784	4183
1785	4194
1786	4197
1787	4198
1788	4209
1789	4211
1790	4228
1791	4244
1792	4254
1793	4255
1794	4261
1795	4267
1796	4271
1797	4272
1798	4278
1799	4280
1800	4281
1801	4282
1802	4294
1803	4295
1804	4304
1805	4309
1806	4316
1807	4321
1808	4330
1809	4342
1810	4368
1811	4375
1812	4385
1813	4388
1814	4394
1815	4401
1816	4404
1817	4409
1818	4423
1819	4454
1820	4458
1821	4459
1822	4464
1823	4467
1824	4472
1825	4481
1826	4497
1827	4508
1828	4510
1829	4517
1830	4518
1831	4522
1832	4536
1833	4548
1834	4558
1835	4566
1836	4570
1837	4573
1838	4576
1839	4583
1840	4586
1841	10324
1842	4620
1843	4622
1844	4638
1845	4653
1846	4655
1847	4657
1848	4662
1849	4669
1850	4677
1851	4759
1852	4771
1853	4822
1854	4825
1855	4828
1856	4829
1857	4837
1858	4869
1859	4870
1860	4896
1861	4897
1862	4925
1863	4930
1864	4931
1865	4995
1866	4997
1867	5001
1868	5002
1869	5013
1870	5016
1871	5017
1872	5046
1873	5048
1874	5055
1875	5064
1876	9737
1877	5110
1878	5133
1879	5163
1880	5164
1881	5221
1882	5243
1883	5252
1884	5253
1885	5257
1886	5284
1887	5313
1888	5355
1889	5361
1890	5408
1891	5411
1892	5422
1893	5426
1894	5432
1895	5442
1896	10525
1897	5446
1898	5461
1899	5478
1900	5490
1901	5491
1902	5499
1903	5500
1904	5509
1905	5554
1906	5590
1907	5619
1908	5640
1909	5657
1910	5678
1911	5685
1912	5689
1913	5710
1914	5715
1915	5747
1916	5749
1917	5796
1918	5798
1919	5833
1920	5844
1921	5845
1922	5867
1923	5877
1924	5905
1925	5990
1926	5991
1927	5997
1928	6000
1929	6010
1930	6017
1931	6050
1932	6052
1933	6100
1934	6111
1935	6122
1936	6123
1937	6148
1938	6177
1939	6187
1940	6265
1941	6290
1942	6307
1943	6316
1944	6331
1945	6364
1946	6366
1947	6375
1948	9390
1949	6400
1950	6437
1951	6538
1952	6581
1953	6624
1954	6625
1955	6697
1956	6734
1957	6736
1958	6750
1959	6774
1960	6800
1961	6821
1962	6862
1963	6882
1964	6963
1965	6980
1966	7020
1967	7021
1968	7025
1969	7027
1970	7082
1971	7171
1972	7310
1973	7366
1974	7407
1975	7427
1976	7480
1977	7500
1978	7574
1979	7688
1980	7736
1981	7788
1982	7800
1983	11126
1984	7832
1985	8064
1986	8066
1987	8080
1988	8088
1989	8104
1990	8162
1991	8497
1992	8573
1993	8624
1994	8822
1995	8852
1996	8970
1997	8994
1998	9017
1999	9070
