0	2
1	3
2	4
3	5
4	6
5	7
6	8
7	9
8	10
9	11
10	12
11	13
12	14
13	15
14	16
15	17
16	18
17	19
18	20
19	21
20	22
21	23
22	24
23	25
24	26
25	27
26	28
27	29
28	30
29	31
30	32
31	33
32	34
33	35
34	36
35	37
36	38
37	39
38	40
39	41
40	42
41	43
42	44
43	45
44	46
45	47
46	48
47	49
48	50
49	51
50	52
51	53
52	54
53	55
54	56
55	57
56	58
57	59
58	60
59	61
60	62
61	63
62	64
63	65
64	66
65	67
66	68
67	69
68	70
69	71
70	72
71	74
72	75
73	76
74	77
75	78
76	79
77	80
78	81
79	82
80	83
81	84
82	85
83	86
84	87
85	88
86	89
87	90
88	91
89	92
90	93
91	94
92	95
93	96
94	97
95	98
96	99
97	100
98	101
99	102
100	103
101	104
102	105
103	106
104	107
105	108
106	109
107	110
108	111
109	112
110	113
111	114
112	115
113	116
114	117
115	118
116	119
117	120
118	121
119	122
120	123
121	124
122	125
123	126
124	127
125	128
126	129
127	130
128	131
129	132
130	133
131	134
132	135
133	136
134	137
135	138
136	139
137	140
138	141
139	142
140	144
141	145
142	146
143	147
144	148
145	149
146	150
147	152
148	153
149	154
150	155
151	156
152	157
153	158
154	159
155	160
156	161
157	162
158	163
159	164
160	165
161	166
162	167
163	168
164	169
165	170
166	171
167	172
168	173
169	174
170	175
171	176
172	177
173	178
174	179
175	180
176	181
177	182
178	183
179	184
180	186
181	188
182	189
183	190
184	191
185	192
186	193
187	194
188	195
189	196
190	197
191	198
192	199
193	200
194	201
195	202
196	203
197	204
198	205
199	207
200	208
201	209
202	210
203	211
204	212
205	213
206	214
207	215
208	216
209	217
210	219
211	220
212	221
213	222
214	223
215	224
216	225
217	226
218	227
219	229
220	230
221	231
222	232
223	233
224	234
225	235
226	236
227	237
228	238
229	239
230	240
231	241
232	242
233	243
234	245
235	247
236	248
237	249
238	250
239	251
240	252
241	253
242	254
243	255
244	257
245	258
246	259
247	260
248	261
249	262
250	264
251	265
252	266
253	267
254	268
255	269
256	270
257	271
258	272
259	273
260	274
261	275
262	277
263	278
264	279
265	280
266	281
267	282
268	283
269	285
270	286
271	287
272	288
273	289
274	290
275	292
276	293
277	294
278	295
279	297
280	298
281	299
282	300
283	301
284	302
285	303
286	304
287	305
288	306
289	308
290	309
291	310
292	311
293	312
294	313
295	314
296	315
297	317
298	318
299	319
300	321
301	323
302	324
303	325
304	326
305	327
306	329
307	331
308	332
309	333
310	334
311	336
312	337
313	338
314	340
315	341
316	342
317	343
318	344
319	345
320	346
321	347
322	348
323	350
324	351
325	352
326	353
327	354
328	356
329	357
330	358
331	359
332	360
333	361
334	362
335	363
336	364
337	365
338	368
339	369
340	370
341	371
342	372
343	373
344	375
345	376
346	377
347	378
348	379
349	380
350	383
351	384
352	385
353	386
354	387
355	388
356	389
357	391
358	392
359	393
360	394
361	395
362	396
363	397
364	398
365	399
366	400
367	401
368	402
369	403
370	404
371	405
372	406
373	407
374	410
375	412
376	413
377	414
378	416
379	418
380	420
381	421
382	422
383	423
384	424
385	425
386	427
387	429
388	430
389	431
390	432
391	433
392	435
393	436
394	437
395	439
396	440
397	441
398	442
399	443
400	444
401	445
402	447
403	448
404	449
405	450
406	451
407	452
408	453
409	455
410	457
411	458
412	459
413	460
414	461
415	462
416	463
417	464
418	465
419	466
420	467
421	468
422	469
423	470
424	471
425	472
426	473
427	475
428	477
429	478
430	479
431	480
432	481
433	482
434	483
435	484
436	485
437	487
438	488
439	490
440	491
441	492
442	493
443	494
444	495
445	496
446	497
447	498
448	499
449	500
450	501
451	502
452	503
453	505
454	506
455	507
456	509
457	510
458	511
459	512
460	514
461	516
462	518
463	519
464	520
465	521
466	522
467	524
468	525
469	526
470	527
471	528
472	530
473	532
474	533
475	534
476	535
477	537
478	538
479	540
480	541
481	543
482	544
483	545
484	546
485	547
486	548
487	549
488	550
489	551
490	552
491	553
492	554
493	555
494	9782
495	560
496	561
497	563
498	564
499	565
500	566
501	567
502	569
503	570
504	571
505	572
506	575
507	576
508	577
509	578
510	581
511	582
512	583
513	584
514	586
515	588
516	589
517	590
518	591
519	592
520	594
521	595
522	596
523	597
524	598
525	599
526	600
527	601
528	603
529	604
530	606
531	608
532	609
533	611
534	612
535	613
536	616
537	617
538	619
539	621
540	622
541	623
542	624
543	625
544	627
545	628
546	630
547	631
548	633
549	635
550	636
551	637
552	638
553	639
554	640
555	642
556	643
557	645
558	648
559	651
560	652
561	653
562	655
563	656
564	657
565	658
566	659
567	661
568	663
569	664
570	665
571	666
572	667
573	668
574	669
575	672
576	673
577	674
578	675
579	676
580	677
581	678
582	679
583	680
584	683
585	684
586	685
587	686
588	688
589	689
590	690
591	692
592	699
593	700
594	702
595	703
596	705
597	706
598	707
599	708
600	710
601	712
602	713
603	715
604	716
605	718
606	719
607	722
608	724
609	725
610	726
611	727
612	728
613	729
614	730
615	731
616	732
617	737
618	738
619	739
620	740
621	741
622	742
623	743
624	744
625	745
626	747
627	748
628	750
629	751
630	752
631	754
632	756
633	757
634	761
635	762
636	763
637	764
638	765
639	767
640	768
641	769
642	771
643	773
644	774
645	775
646	776
647	777
648	778
649	780
650	783
651	784
652	785
653	788
654	791
655	793
656	794
657	795
658	796
659	797
660	799
661	802
662	803
663	804
664	805
665	807
666	808
667	809
668	810
669	811
670	812
671	815
672	816
673	817
674	818
675	819
676	821
677	823
678	824
679	826
680	828
681	829
682	830
683	832
684	833
685	835
686	836
687	840
688	841
689	842
690	843
691	845
692	847
693	848
694	849
695	850
696	851
697	852
698	853
699	854
700	856
701	857
702	858
703	859
704	861
705	862
706	865
707	867
708	868
709	871
710	873
711	874
712	875
713	877
714	878
715	879
716	880
717	881
718	882
719	883
720	884
721	885
722	887
723	888
724	889
725	891
726	892
727	893
728	894
729	896
730	898
731	899
732	901
733	903
734	904
735	910
736	911
737	912
738	914
739	915
740	916
741	918
742	920
743	921
744	922
745	925
746	927
747	928
748	930
749	932
750	933
751	934
752	936
753	937
754	941
755	942
756	945
757	948
758	949
759	950
760	951
761	952
762	955
763	960
764	961
765	964
766	965
767	966
768	967
769	968
770	969
771	970
772	971
773	972
774	974
775	975
776	977
777	980
778	981
779	982
780	983
781	986
782	987
783	988
784	989
785	992
786	994
787	995
788	997
789	998
790	1000
791	1002
792	1004
793	1006
794	1007
795	1010
796	1011
797	1014
798	1016
799	1017
800	1021
801	1022
802	1023
803	1024
804	1025
805	1026
806	1027
807	1028
808	1029
809	1030
810	1031
811	1033
812	1034
813	1035
814	1036
815	1037
816	10538
817	1040
818	1041
819	1042
820	1043
821	1044
822	1046
823	1047
824	1048
825	1049
826	1050
827	1053
828	1056
829	1057
830	1058
831	1060
832	1062
833	1063
834	1071
835	1075
836	1076
837	1077
838	1078
839	1080
840	1081
841	1082
842	1084
843	1086
844	1090
845	1091
846	1092
847	1093
848	1095
849	10634
850	1101
851	1102
852	1103
853	1105
854	1106
855	1109
856	1110
857	1112
858	1113
859	1116
860	1117
861	1119
862	1121
863	1126
864	1128
865	9237
866	1133
867	1135
868	1136
869	1138
870	1139
871	1147
872	1148
873	1149
874	1150
875	1151
876	1154
877	1155
878	1156
879	1157
880	1163
881	1166
882	1167
883	1168
884	1169
885	1171
886	1174
887	1175
888	1178
889	1179
890	10777
891	1181
892	1183
893	1185
894	1186
895	1187
896	1188
897	1189
898	1193
899	1195
900	1196
901	1197
902	1199
903	1201
904	1202
905	1204
906	1207
907	1208
908	1209
909	1211
910	1213
911	1214
912	1218
913	1219
914	1221
915	1222
916	1224
917	1225
918	1226
919	1228
920	1231
921	1233
922	1234
923	1235
924	1238
925	1239
926	1240
927	1243
928	1245
929	1246
930	1247
931	1248
932	1251
933	1252
934	1253
935	1254
936	1256
937	1259
938	1261
939	1265
940	1267
941	1274
942	1276
943	1278
944	1279
945	1280
946	1281
947	1284
948	1285
949	1286
950	1288
951	1290
952	1292
953	1296
954	1297
955	1300
956	1303
957	1304
958	1308
959	1309
960	1310
961	1313
962	1315
963	1317
964	1318
965	1320
966	1323
967	1324
968	1325
969	1327
970	1329
971	1331
972	1335
973	1337
974	1338
975	1339
976	1340
977	1344
978	1345
979	1348
980	1349
981	1350
982	1351
983	1353
984	1354
985	1357
986	1358
987	1360
988	1363
989	11084
990	1365
991	1367
992	1370
993	1371
994	1373
995	1375
996	1376
997	1377
998	1381
999	1385
1000	1389
1001	1390
1002	1391
1003	1393
1004	1395
1005	1397
1006	1400
1007	1401
1008	1403
1009	1406
1010	1408
1011	1409
1012	1411
1013	1413
1014	1415
1015	1418
1016	1421
1017	1423
1018	1424
1019	1427
1020	1430
1021	1431
1022	1435
1023	1436
1024	1437
1025	1438
1026	1439
1027	1440
1028	1441
1029	1444
1030	1446
1031	1447
1032	1449
1033	1451
1034	1453
1035	1455
1036	1458
1037	1460
1038	1461
1039	1462
1040	1463
1041	1467
1042	1469
1043	1473
1044	1474
1045	1475
1046	1477
1047	1478
1048	1479
1049	1480
1050	1481
1051	1482
1052	1483
1053	1484
1054	1485
1055	1489
1056	1490
1057	1491
1058	1492
1059	1494
1060	1497
1061	1498
1062	1499
1063	1500
1064	1503
1065	1505
1066	1507
1067	1508
1068	1509
1069	1510
1070	1513
1071	1514
1072	1516
1073	1519
1074	1520
1075	1521
1076	1524
1077	1528
1078	1532
1079	1533
1080	1534
1081	1536
1082	1537
1083	1538
1084	1539
1085	1540
1086	1541
1087	1544
1088	1545
1089	1547
1090	1548
1091	1551
1092	1554
1093	1557
1094	1558
1095	1559
1096	1566
1097	1567
1098	1568
1099	1570
1100	1571
1101	1574
1102	1575
1103	1576
1104	1578
1105	1583
1106	1584
1107	1585
1108	1586
1109	1587
1110	1589
1111	1593
1112	1595
1113	1596
1114	1597
1115	1600
1116	1602
1117	1603
1118	1604
1119	1605
1120	1606
1121	1609
1122	1610
1123	1611
1124	1612
1125	1614
1126	1617
1127	1619
1128	1621
1129	1622
1130	1623
1131	1624
1132	1626
1133	1628
1134	1632
1135	1633
1136	1636
1137	1641
1138	1642
1139	1643
1140	1645
1141	1649
1142	1650
1143	1651
1144	1652
1145	1655
1146	1657
1147	1664
1148	1665
1149	1667
1150	1668
1151	1669
1152	1670
1153	1674
1154	1677
1155	1680
1156	1682
1157	1683
1158	1687
1159	1688
1160	11673
1161	1692
1162	1693
1163	1694
1164	1697
1165	1701
1166	1705
1167	1706
1168	1707
1169	1710
1170	11718
1171	1712
1172	1713
1173	1721
1174	1722
1175	1723
1176	1727
1177	1729
1178	1730
1179	1731
1180	1732
1181	1733
1182	1735
1183	1736
1184	1737
1185	1739
1186	1741
1187	1742
1188	1743
1189	1746
1190	1748
1191	1758
1192	1761
1193	1766
1194	11840
1195	1770
1196	1771
1197	1773
1198	1776
1199	1778
1200	1780
1201	1781
1202	1787
1203	1788
1204	1790
1205	1791
1206	1793
1207	1794
1208	1795
1209	1796
1210	1797
1211	1799
1212	1802
1213	1803
1214	1805
1215	1806
1216	1807
1217	1814
1218	1817
1219	1819
1220	1820
1221	1821
1222	1822
1223	1824
1224	1828
1225	1833
1226	1838
1227	1841
1228	1842
1229	1845
1230	1857
1231	1858
1232	1861
1233	1862
1234	1864
1235	1866
1236	1868
1237	1869
1238	1873
1239	1879
1240	1883
1241	1884
1242	1890
1243	1893
1244	1894
1245	1895
1246	1896
1247	1897
1248	1898
1249	1899
1250	1903
1251	1905
1252	1906
1253	1911
1254	1915
1255	1916
1256	1918
1257	1927
1258	1928
1259	1929
1260	1930
1261	1931
1262	1938
1263	1942
1264	1943
1265	1947
1266	1948
1267	1951
1268	1953
1269	1955
1270	1957
1271	1958
1272	1959
1273	1966
1274	1967
1275	1973
1276	9444
1277	1978
1278	1979
1279	1981
1280	1982
1281	1983
1282	1984
1283	1986
1284	1991
1285	1997
1286	2004
1287	2006
1288	2009
1289	2011
1290	2012
1291	2013
1292	2014
1293	2015
1294	2016
1295	2018
1296	2019
1297	2021
1298	2022
1299	2026
1300	2027
1301	2031
1302	2033
1303	2034
1304	2038
1305	2042
1306	2046
1307	2055
1308	2061
1309	2066
1310	2067
1311	2069
1312	2070
1313	2071
1314	2075
1315	2078
1316	2080
1317	2081
1318	2084
1319	2085
1320	2086
1321	2087
1322	2089
1323	2090
1324	2092
1325	2094
1326	2098
1327	2099
1328	2102
1329	2103
1330	2105
1331	2109
1332	2111
1333	2112
1334	2116
1335	2117
1336	2118
1337	2119
1338	2122
1339	2133
1340	2134
1341	2135
1342	2141
1343	2142
1344	2146
1345	2147
1346	2156
1347	2160
1348	2162
1349	2163
1350	2164
1351	2169
1352	2171
1353	2173
1354	2179
1355	2180
1356	2185
1357	2189
1358	2190
1359	2191
1360	2192
1361	2193
1362	2194
1363	2201
1364	2206
1365	2207
1366	2208
1367	2212
1368	2215
1369	2216
1370	2221
1371	2223
1372	2224
1373	2226
1374	2227
1375	2229
1376	2235
1377	2241
1378	2246
1379	2250
1380	2251
1381	2261
1382	2264
1383	2274
1384	2277
1385	2280
1386	2282
1387	12852
1388	2285
1389	2287
1390	2292
1391	2295
1392	2297
1393	2301
1394	2305
1395	2317
1396	2324
1397	2332
1398	2334
1399	2337
1400	2338
1401	2341
1402	2342
1403	2347
1404	2353
1405	2357
1406	2358
1407	2361
1408	2364
1409	2366
1410	2368
1411	2374
1412	2375
1413	2377
1414	2379
1415	2383
1416	2385
1417	2392
1418	2393
1419	2394
1420	2396
1421	2406
1422	2407
1423	2411
1424	2412
1425	2418
1426	2421
1427	2426
1428	2427
1429	2433
1430	2434
1431	2436
1432	2441
1433	2444
1434	2445
1435	2446
1436	2448
1437	2453
1438	2456
1439	2457
1440	2467
1441	2468
1442	2469
1443	2481
1444	2484
1445	2485
1446	2486
1447	2490
1448	2493
1449	2494
1450	2496
1451	2499
1452	2503
1453	2504
1454	2505
1455	2508
1456	2513
1457	2531
1458	2533
1459	2540
1460	2543
1461	2544
1462	2547
1463	2554
1464	2556
1465	2561
1466	2565
1467	2568
1468	2572
1469	2573
1470	2574
1471	2581
1472	2582
1473	2584
1474	2585
1475	2587
1476	2589
1477	2597
1478	2602
1479	2603
1480	2604
1481	2606
1482	2610
1483	2615
1484	2616
1485	2618
1486	2621
1487	2622
1488	2631
1489	2632
1490	2633
1491	2636
1492	2638
1493	2642
1494	2644
1495	2650
1496	2656
1497	2661
1498	2670
1499	2671
1500	2672
1501	2678
1502	2697
1503	2704
1504	2710
1505	2711
1506	2714
1507	2722
1508	2739
1509	2745
1510	2748
1511	2750
1512	2751
1513	2755
1514	2760
1515	2766
1516	2768
1517	2773
1518	2776
1519	2778
1520	2781
1521	2785
1522	2789
1523	2792
1524	2794
1525	2795
1526	2798
1527	2803
1528	2807
1529	2808
1530	2811
1531	2814
1532	2817
1533	2820
1534	2826
1535	2831
1536	2834
1537	2839
1538	2842
1539	2844
1540	2847
1541	2851
1542	2854
1543	2857
1544	2864
1545	2866
1546	2868
1547	2870
1548	2871
1549	2873
1550	2875
1551	2879
1552	2882
1553	2883
1554	2885
1555	2887
1556	2893
1557	2894
1558	2905
1559	2909
1560	2910
1561	2913
1562	2915
1563	2916
1564	2918
1565	2919
1566	2932
1567	14203
1568	2936
1569	2937
1570	2939
1571	2944
1572	2945
1573	2952
1574	2953
1575	2956
1576	2962
1577	2963
1578	2965
1579	2967
1580	2972
1581	2981
1582	2982
1583	2984
1584	2989
1585	2993
1586	2997
1587	3000
1588	3002
1589	3006
1590	3020
1591	3025
1592	3026
1593	3027
1594	3029
1595	3030
1596	3035
1597	3039
1598	3041
1599	3047
1600	3051
1601	3053
1602	3061
1603	3062
1604	3066
1605	3067
1606	3082
1607	3093
1608	3096
1609	3099
1610	3102
1611	3103
1612	3119
1613	3125
1614	3127
1615	3129
1616	3131
1617	3140
1618	3144
1619	3155
1620	3163
1621	3164
1622	3177
1623	3179
1624	3182
1625	3183
1626	3184
1627	3196
1628	3208
1629	3210
1630	3227
1631	3228
1632	3233
1633	3249
1634	3261
1635	3264
1636	3266
1637	3270
1638	3282
1639	3284
1640	3290
1641	3292
1642	3300
1643	3306
1644	3312
1645	3317
1646	3318
1647	3319
1648	3326
1649	3328
1650	3329
1651	3339
1652	3345
1653	3365
1654	3367
1655	3375
1656	3377
1657	3383
1658	3396
1659	3398
1660	3402
1661	3407
1662	3418
1663	3422
1664	3428
1665	3431
1666	3435
1667	3439
1668	3441
1669	3451
1670	3473
1671	3482
1672	3490
1673	3493
1674	3495
1675	3499
1676	3500
1677	3501
1678	3507
1679	3509
1680	3515
1681	3516
1682	3525
1683	15544
1684	3541
1685	3548
1686	3582
1687	3584
1688	3595
1689	3597
1690	3601
1691	3607
1692	3615
1693	3617
1694	3618
1695	3623
1696	3634
1697	3641
1698	3657
1699	3665
1700	3667
1701	3670
1702	3672
1703	3677
1704	3678
1705	3680
1706	3684
1707	3685
1708	3687
1709	15950
1710	3715
1711	3719
1712	3722
1713	9877
1714	3741
1715	3756
1716	3767
1717	3771
1718	3772
1719	3774
1720	3775
1721	3785
1722	3790
1723	3792
1724	3793
1725	3795
1726	3806
1727	3807
1728	3814
1729	3831
1730	3840
1731	3857
1732	3865
1733	3897
1734	3907
1735	3912
1736	3930
1737	3961
1738	3968
1739	3972
1740	3974
1741	3981
1742	3983
1743	3984
1744	3988
1745	3995
1746	4004
1747	4005
1748	4010
1749	4014
1750	4021
1751	4037
1752	4052
1753	4053
1754	4083
1755	4090
1756	4092
1757	4105
1758	4114
1759	4120
1760	4133
1761	4139
1762	4140
1763	4148
1764	4151
1765	4154
1766	4157
1767	4172
1768	4190
1769	4192
1770	4201
1771	4207
1772	4213
1773	4215
1774	4221
1775	4226
1776	4231
1777	4235
1778	4239
1779	4242
1780	4243
1781	10003
1782	4246
1783	4267
1784	4274
1785	4307
1786	4308
1787	4328
1788	4331
1789	4338
1790	4339
1791	4346
1792	4350
1793	4370
1794	4387
1795	4399
1796	4407
1797	4411
1798	4420
1799	4427
1800	4436
1801	4456
1802	4460
1803	4469
1804	4480
1805	4488
1806	4497
1807	4500
1808	4509
1809	4529
1810	9364
1811	4542
1812	4558
1813	4563
1814	4569
1815	4573
1816	4582
1817	4593
1818	4612
1819	4648
1820	4654
1821	4659
1822	4666
1823	4667
1824	4681
1825	4691
1826	4711
1827	4717
1828	4723
1829	4730
1830	4738
1831	4746
1832	4762
1833	4768
1834	4771
1835	4796
1836	4814
1837	4823
1838	4839
1839	4844
1840	4855
1841	4859
1842	4862
1843	4883
1844	4924
1845	4949
1846	4952
1847	4958
1848	4960
1849	4963
1850	4973
1851	4977
1852	4998
1853	5015
1854	5070
1855	5094
1856	5095
1857	5124
1858	5126
1859	5129
1860	5135
1861	5141
1862	5142
1863	5155
1864	5170
1865	5229
1866	5231
1867	5233
1868	5234
1869	5242
1870	5250
1871	5259
1872	5267
1873	5287
1874	10287
1875	5356
1876	5365
1877	5383
1878	5398
1879	5399
1880	5413
1881	5430
1882	5449
1883	5455
1884	5458
1885	5460
1886	5461
1887	5498
1888	5501
1889	5506
1890	5507
1891	5516
1892	5523
1893	5524
1894	5549
1895	5555
1896	5586
1897	5610
1898	5666
1899	5671
1900	5687
1901	5695
1902	5720
1903	5742
1904	5760
1905	5768
1906	5780
1907	5802
1908	5840
1909	5856
1910	5857
1911	5912
1912	5965
1913	6004
1914	6023
1915	6073
1916	6079
1917	6094
1918	6128
1919	6176
1920	6178
1921	6189
1922	6205
1923	6222
1924	6230
1925	6231
1926	6235
1927	6242
1928	6253
1929	6280
1930	6326
1931	6341
1932	6355
1933	6374
1934	6443
1935	6482
1936	6493
1937	6507
1938	6525
1939	6597
1940	6626
1941	6642
1942	6671
1943	6672
1944	6677
1945	6684
1946	6697
1947	6699
1948	6711
1949	6712
1950	6807
1951	6809
1952	6837
1953	6840
1954	6876
1955	6909
1956	6930
1957	9665
1958	6956
1959	6988
1960	7009
1961	7015
1962	7025
1963	7044
1964	7089
1965	7090
1966	7158
1967	7252
1968	7317
1969	7323
1970	7347
1971	7349
1972	7370
1973	7425
1974	7441
1975	7470
1976	7475
1977	7517
1978	7570
1979	7588
1980	7649
1981	7659
1982	7669
1983	7683
1984	7738
1985	7752
1986	7762
1987	7807
1988	7920
1989	8043
1990	8078
1991	8372
1992	8395
1993	8490
1994	8559
1995	8631
1996	8808
1997	8813
1998	11565
1999	8961
