0	2
1	3
2	4
3	5
4	6
5	7
6	8
7	9
8	10
9	11
10	12
11	13
12	14
13	15
14	16
15	17
16	18
17	19
18	20
19	21
20	22
21	23
22	24
23	25
24	26
25	27
26	28
27	29
28	30
29	31
30	32
31	33
32	34
33	35
34	36
35	37
36	38
37	39
38	40
39	41
40	42
41	43
42	44
43	45
44	46
45	47
46	48
47	49
48	50
49	51
50	52
51	53
52	54
53	55
54	56
55	57
56	58
57	59
58	60
59	61
60	62
61	63
62	64
63	65
64	66
65	67
66	68
67	69
68	70
69	71
70	72
71	73
72	74
73	75
74	76
75	77
76	78
77	79
78	80
79	81
80	82
81	83
82	84
83	86
84	87
85	88
86	89
87	90
88	91
89	92
90	94
91	95
92	96
93	97
94	98
95	99
96	100
97	101
98	103
99	104
100	105
101	106
102	107
103	108
104	109
105	110
106	111
107	113
108	114
109	115
110	116
111	117
112	118
113	119
114	121
115	123
116	124
117	125
118	126
119	127
120	128
121	129
122	130
123	131
124	133
125	134
126	135
127	136
128	137
129	138
130	139
131	140
132	141
133	142
134	143
135	144
136	146
137	147
138	148
139	149
140	150
141	151
142	152
143	153
144	154
145	155
146	156
147	157
148	158
149	159
150	160
151	161
152	162
153	163
154	164
155	165
156	167
157	168
158	169
159	171
160	172
161	173
162	174
163	175
164	176
165	177
166	178
167	179
168	180
169	181
170	182
171	183
172	184
173	185
174	187
175	188
176	190
177	191
178	192
179	193
180	194
181	195
182	196
183	197
184	198
185	199
186	200
187	201
188	202
189	203
190	204
191	205
192	206
193	207
194	209
195	211
196	212
197	213
198	214
199	215
200	216
201	217
202	219
203	220
204	221
205	222
206	223
207	226
208	227
209	228
210	229
211	230
212	231
213	232
214	233
215	234
216	235
217	237
218	238
219	239
220	240
221	241
222	242
223	243
224	244
225	245
226	246
227	248
228	249
229	250
230	251
231	252
232	253
233	254
234	256
235	257
236	258
237	259
238	260
239	262
240	263
241	264
242	265
243	266
244	267
245	268
246	269
247	270
248	271
249	272
250	273
251	274
252	275
253	276
254	277
255	278
256	279
257	280
258	282
259	283
260	284
261	285
262	286
263	287
264	288
265	290
266	291
267	292
268	294
269	295
270	296
271	297
272	298
273	299
274	300
275	301
276	302
277	303
278	304
279	305
280	306
281	307
282	308
283	309
284	310
285	311
286	312
287	313
288	314
289	315
290	316
291	317
292	318
293	319
294	320
295	321
296	322
297	323
298	324
299	325
300	326
301	327
302	330
303	331
304	332
305	335
306	336
307	337
308	338
309	339
310	340
311	341
312	342
313	343
314	344
315	345
316	346
317	347
318	348
319	349
320	350
321	351
322	352
323	353
324	355
325	357
326	358
327	359
328	360
329	361
330	362
331	364
332	365
333	367
334	368
335	369
336	370
337	371
338	373
339	374
340	375
341	376
342	378
343	379
344	380
345	381
346	382
347	383
348	384
349	385
350	386
351	387
352	388
353	389
354	390
355	391
356	392
357	393
358	395
359	396
360	397
361	398
362	401
363	402
364	403
365	404
366	405
367	407
368	408
369	409
370	411
371	412
372	413
373	414
374	415
375	416
376	417
377	419
378	420
379	421
380	423
381	424
382	425
383	426
384	427
385	428
386	429
387	430
388	431
389	432
390	433
391	434
392	436
393	437
394	438
395	439
396	440
397	442
398	443
399	444
400	445
401	446
402	448
403	449
404	9454
405	452
406	453
407	454
408	455
409	456
410	457
411	458
412	459
413	461
414	462
415	463
416	465
417	466
418	467
419	468
420	470
421	472
422	473
423	474
424	475
425	476
426	477
427	478
428	479
429	481
430	482
431	483
432	484
433	485
434	9784
435	490
436	492
437	494
438	496
439	497
440	498
441	499
442	500
443	501
444	502
445	504
446	505
447	506
448	507
449	9828
450	509
451	510
452	511
453	512
454	513
455	9838
456	515
457	516
458	517
459	518
460	519
461	520
462	521
463	523
464	524
465	526
466	527
467	528
468	529
469	530
470	533
471	534
472	536
473	537
474	538
475	539
476	540
477	541
478	542
479	544
480	545
481	546
482	547
483	550
484	551
485	554
486	555
487	556
488	557
489	559
490	560
491	561
492	562
493	563
494	564
495	566
496	567
497	568
498	569
499	570
500	571
501	574
502	575
503	576
504	577
505	578
506	580
507	581
508	582
509	583
510	584
511	585
512	586
513	587
514	588
515	589
516	590
517	591
518	592
519	593
520	595
521	596
522	597
523	598
524	599
525	601
526	602
527	603
528	604
529	605
530	608
531	610
532	611
533	612
534	613
535	614
536	615
537	616
538	617
539	618
540	621
541	622
542	623
543	625
544	626
545	628
546	629
547	630
548	633
549	634
550	636
551	637
552	638
553	639
554	640
555	641
556	643
557	644
558	646
559	648
560	649
561	650
562	652
563	654
564	655
565	657
566	658
567	659
568	660
569	661
570	663
571	665
572	666
573	667
574	668
575	669
576	670
577	672
578	673
579	675
580	676
581	677
582	678
583	679
584	680
585	682
586	683
587	684
588	685
589	686
590	688
591	691
592	692
593	694
594	695
595	696
596	697
597	698
598	699
599	700
600	702
601	703
602	704
603	705
604	708
605	709
606	711
607	712
608	716
609	717
610	718
611	719
612	720
613	721
614	723
615	725
616	727
617	729
618	730
619	731
620	732
621	733
622	734
623	736
624	737
625	738
626	740
627	742
628	744
629	745
630	746
631	747
632	749
633	750
634	752
635	753
636	755
637	756
638	757
639	758
640	759
641	761
642	763
643	764
644	766
645	767
646	768
647	769
648	770
649	771
650	772
651	773
652	775
653	776
654	777
655	780
656	783
657	784
658	785
659	786
660	787
661	788
662	792
663	794
664	795
665	797
666	798
667	801
668	802
669	803
670	804
671	806
672	809
673	810
674	812
675	813
676	815
677	817
678	818
679	819
680	820
681	821
682	822
683	823
684	824
685	825
686	826
687	828
688	830
689	833
690	834
691	836
692	839
693	841
694	842
695	843
696	844
697	846
698	847
699	848
700	849
701	850
702	851
703	852
704	853
705	854
706	856
707	857
708	859
709	860
710	861
711	863
712	864
713	865
714	866
715	867
716	868
717	869
718	870
719	872
720	874
721	876
722	878
723	879
724	880
725	881
726	883
727	887
728	889
729	890
730	891
731	892
732	894
733	895
734	896
735	898
736	900
737	901
738	902
739	903
740	904
741	907
742	909
743	910
744	913
745	918
746	919
747	921
748	923
749	924
750	925
751	928
752	931
753	932
754	934
755	935
756	936
757	937
758	942
759	943
760	944
761	945
762	946
763	947
764	948
765	950
766	951
767	952
768	953
769	954
770	955
771	956
772	957
773	959
774	960
775	961
776	962
777	965
778	967
779	968
780	969
781	970
782	971
783	974
784	975
785	976
786	977
787	978
788	982
789	983
790	984
791	986
792	987
793	988
794	991
795	992
796	993
797	994
798	995
799	996
800	998
801	1000
802	1001
803	1002
804	1004
805	1005
806	1006
807	1007
808	1008
809	1009
810	1011
811	1012
812	1013
813	1014
814	1015
815	1016
816	1017
817	1018
818	1019
819	1020
820	1023
821	1024
822	1026
823	1029
824	1032
825	1033
826	1034
827	1035
828	1039
829	1042
830	1043
831	1044
832	1045
833	1049
834	1051
835	1054
836	1056
837	1059
838	1060
839	1061
840	1063
841	1064
842	1065
843	1066
844	1067
845	1068
846	1069
847	1073
848	1075
849	1078
850	1079
851	1080
852	1081
853	1084
854	1085
855	1086
856	1087
857	1088
858	1091
859	1092
860	1093
861	1097
862	1098
863	1099
864	1101
865	1102
866	1103
867	1104
868	1105
869	1107
870	1108
871	1109
872	1110
873	1111
874	1114
875	1115
876	1116
877	1117
878	1124
879	1125
880	1126
881	1127
882	1128
883	1129
884	1136
885	1138
886	1139
887	1140
888	1141
889	1142
890	1143
891	1146
892	1147
893	1148
894	1149
895	1153
896	1154
897	1155
898	1156
899	1158
900	1160
901	1161
902	1163
903	1164
904	1167
905	1168
906	1170
907	1172
908	1175
909	1177
910	1179
911	1182
912	1187
913	1189
914	1192
915	1194
916	1195
917	1196
918	1197
919	1198
920	1200
921	1201
922	1202
923	1203
924	1204
925	1206
926	1207
927	1211
928	1212
929	1213
930	1217
931	1218
932	1219
933	1221
934	11013
935	1224
936	1225
937	1226
938	1229
939	1230
940	1232
941	1233
942	1234
943	1235
944	1236
945	1237
946	1238
947	1242
948	1244
949	1246
950	1248
951	1249
952	1250
953	1253
954	11069
955	1257
956	1258
957	1262
958	1264
959	1267
960	1269
961	1273
962	1275
963	1276
964	1280
965	1281
966	1282
967	1283
968	1284
969	1285
970	1287
971	1293
972	1295
973	1296
974	1300
975	1303
976	1304
977	1312
978	1315
979	1316
980	1317
981	1319
982	1320
983	1321
984	1324
985	1325
986	1326
987	1327
988	1329
989	1330
990	1333
991	1334
992	1343
993	1344
994	1346
995	1347
996	1348
997	1349
998	1352
999	1353
1000	1354
1001	1355
1002	1356
1003	1359
1004	1361
1005	1362
1006	1363
1007	1364
1008	1365
1009	1367
1010	1369
1011	1370
1012	1372
1013	1373
1014	1374
1015	1375
1016	1376
1017	1377
1018	1378
1019	1380
1020	1383
1021	1384
1022	1387
1023	1388
1024	1390
1025	1391
1026	1392
1027	1394
1028	1397
1029	1398
1030	1399
1031	1400
1032	1401
1033	1404
1034	1410
1035	1411
1036	1412
1037	1413
1038	1415
1039	1416
1040	1417
1041	1419
1042	1425
1043	1426
1044	1428
1045	1431
1046	1433
1047	1434
1048	1435
1049	1436
1050	1439
1051	1440
1052	1441
1053	1442
1054	1451
1055	1452
1056	1453
1057	1455
1058	1461
1059	1462
1060	1463
1061	1464
1062	1472
1063	1473
1064	1479
1065	1482
1066	1485
1067	1486
1068	1487
1069	1488
1070	11731
1071	1490
1072	1497
1073	1498
1074	1501
1075	1502
1076	1506
1077	1509
1078	1510
1079	1511
1080	1512
1081	1513
1082	1515
1083	1516
1084	1517
1085	1518
1086	1519
1087	1521
1088	1524
1089	1526
1090	1527
1091	1529
1092	1530
1093	1531
1094	1534
1095	1537
1096	1538
1097	1539
1098	1540
1099	1543
1100	1544
1101	1547
1102	1549
1103	1551
1104	1555
1105	1557
1106	1559
1107	1563
1108	1564
1109	1570
1110	1571
1111	1575
1112	1576
1113	1577
1114	1583
1115	1584
1116	1585
1117	1586
1118	1587
1119	1591
1120	1594
1121	1595
1122	1599
1123	1600
1124	1605
1125	1606
1126	1608
1127	1612
1128	11728
1129	1614
1130	1615
1131	1616
1132	1617
1133	1618
1134	1620
1135	1623
1136	1626
1137	1627
1138	1629
1139	1631
1140	1633
1141	1634
1142	1635
1143	1640
1144	1642
1145	1644
1146	1646
1147	1650
1148	1651
1149	1652
1150	1654
1151	1655
1152	1657
1153	1659
1154	1660
1155	1661
1156	1662
1157	1664
1158	1665
1159	1668
1160	1671
1161	1673
1162	1674
1163	1676
1164	1679
1165	1680
1166	1685
1167	1686
1168	1687
1169	1689
1170	1692
1171	1693
1172	1694
1173	1696
1174	1699
1175	1701
1176	1703
1177	1705
1178	1708
1179	1709
1180	1710
1181	1711
1182	1713
1183	1716
1184	1718
1185	1719
1186	1721
1187	1725
1188	1727
1189	1728
1190	1730
1191	1732
1192	1735
1193	1736
1194	1737
1195	1744
1196	1745
1197	1746
1198	1748
1199	1749
1200	1750
1201	1751
1202	1753
1203	1755
1204	1757
1205	1759
1206	1760
1207	1763
1208	1764
1209	1765
1210	1766
1211	1767
1212	12050
1213	1774
1214	1778
1215	1779
1216	1780
1217	1784
1218	1786
1219	1789
1220	1791
1221	1792
1222	1794
1223	1797
1224	1799
1225	1800
1226	1801
1227	1802
1228	1804
1229	1805
1230	1807
1231	1810
1232	1812
1233	1814
1234	1817
1235	1819
1236	1826
1237	1827
1238	1829
1239	1830
1240	1835
1241	1837
1242	1838
1243	1839
1244	1840
1245	1842
1246	1852
1247	1853
1248	1855
1249	1857
1250	1859
1251	1861
1252	1866
1253	1868
1254	1869
1255	1873
1256	1874
1257	1877
1258	1880
1259	1886
1260	1889
1261	1891
1262	1893
1263	1902
1264	12286
1265	1905
1266	1911
1267	1913
1268	1914
1269	1915
1270	1924
1271	1925
1272	1927
1273	1929
1274	1930
1275	1933
1276	1934
1277	1935
1278	1936
1279	1939
1280	1940
1281	1941
1282	1943
1283	1946
1284	1948
1285	1950
1286	1951
1287	1954
1288	1956
1289	1963
1290	1968
1291	1969
1292	1970
1293	1971
1294	1974
1295	1975
1296	1978
1297	1979
1298	1981
1299	1987
1300	1988
1301	1992
1302	1995
1303	1998
1304	1999
1305	2000
1306	2002
1307	2004
1308	2010
1309	2011
1310	2014
1311	2016
1312	2021
1313	2024
1314	2025
1315	2026
1316	2027
1317	2029
1318	2033
1319	2035
1320	2036
1321	2042
1322	12604
1323	2044
1324	2045
1325	2046
1326	2047
1327	2050
1328	2051
1329	2054
1330	2055
1331	9563
1332	2062
1333	2064
1334	2066
1335	2076
1336	2078
1337	2079
1338	2086
1339	2088
1340	2089
1341	2092
1342	2099
1343	2101
1344	2102
1345	2110
1346	2114
1347	2120
1348	2139
1349	2142
1350	2148
1351	2149
1352	2151
1353	2153
1354	2154
1355	2157
1356	2159
1357	2164
1358	2167
1359	2171
1360	2180
1361	2185
1362	2188
1363	2190
1364	2191
1365	2198
1366	2199
1367	2203
1368	2211
1369	2212
1370	2215
1371	2218
1372	2221
1373	2227
1374	2229
1375	2236
1376	2240
1377	2241
1378	2245
1379	13012
1380	2248
1381	2249
1382	2251
1383	2254
1384	2257
1385	2260
1386	2262
1387	2265
1388	2268
1389	2271
1390	2272
1391	2273
1392	2276
1393	9621
1394	2278
1395	2283
1396	2284
1397	2287
1398	2289
1399	13119
1400	2296
1401	2298
1402	2299
1403	2300
1404	2303
1405	2306
1406	2309
1407	2310
1408	2313
1409	2317
1410	2318
1411	2320
1412	2321
1413	2325
1414	2327
1415	2329
1416	2331
1417	2333
1418	2334
1419	2335
1420	2336
1421	2342
1422	2345
1423	13216
1424	2348
1425	2350
1426	2358
1427	2361
1428	2362
1429	2364
1430	2368
1431	2371
1432	2372
1433	2373
1434	2377
1435	2388
1436	2391
1437	2395
1438	2397
1439	2402
1440	2404
1441	2406
1442	2407
1443	2409
1444	2412
1445	2417
1446	2419
1447	2423
1448	2429
1449	1772
1450	2432
1451	2437
1452	2446
1453	2447
1454	2449
1455	2453
1456	2454
1457	2455
1458	2461
1459	2462
1460	2464
1461	2465
1462	2468
1463	2470
1464	2473
1465	2487
1466	2489
1467	2492
1468	2499
1469	2501
1470	2502
1471	2503
1472	2507
1473	2508
1474	2509
1475	2518
1476	2526
1477	2533
1478	2537
1479	2539
1480	2543
1481	2544
1482	2547
1483	2548
1484	2554
1485	2556
1486	2563
1487	2568
1488	2571
1489	2572
1490	2575
1491	2579
1492	2594
1493	2595
1494	2597
1495	2598
1496	2601
1497	2604
1498	2607
1499	2613
1500	2620
1501	2627
1502	2628
1503	2629
1504	2634
1505	2647
1506	2650
1507	2653
1508	2661
1509	2665
1510	2667
1511	2669
1512	2670
1513	2671
1514	2672
1515	2673
1516	2676
1517	2679
1518	9714
1519	2691
1520	13963
1521	2721
1522	2722
1523	2724
1524	2725
1525	2731
1526	2732
1527	2736
1528	2749
1529	2752
1530	2754
1531	2757
1532	2758
1533	2759
1534	2763
1535	2764
1536	9737
1537	2769
1538	2770
1539	2772
1540	2773
1541	2774
1542	2783
1543	2795
1544	2798
1545	2805
1546	2806
1547	2807
1548	2818
1549	2821
1550	2822
1551	2824
1552	2826
1553	2833
1554	2847
1555	2852
1556	2856
1557	2865
1558	2867
1559	2880
1560	2883
1561	2885
1562	2887
1563	2889
1564	2892
1565	2896
1566	2906
1567	2910
1568	2912
1569	2923
1570	2932
1571	2933
1572	2935
1573	2942
1574	2955
1575	2957
1576	2958
1577	2972
1578	2975
1579	2978
1580	2985
1581	2986
1582	2988
1583	2995
1584	2996
1585	2997
1586	3006
1587	3007
1588	3013
1589	3016
1590	3017
1591	3024
1592	3032
1593	3033
1594	3038
1595	3046
1596	3047
1597	3053
1598	3057
1599	3059
1600	3063
1601	3068
1602	3072
1603	3083
1604	3087
1605	3092
1606	14965
1607	3102
1608	3109
1609	3114
1610	3117
1611	3118
1612	3125
1613	3131
1614	3142
1615	3145
1616	3148
1617	3166
1618	3168
1619	3180
1620	3190
1621	3194
1622	3205
1623	3210
1624	3216
1625	3220
1626	15364
1627	3233
1628	3236
1629	3241
1630	3243
1631	3249
1632	3250
1633	3254
1634	3257
1635	3258
1636	3259
1637	3271
1638	3272
1639	3279
1640	3280
1641	3290
1642	3296
1643	3298
1644	3302
1645	3306
1646	3315
1647	3326
1648	3330
1649	3332
1650	3335
1651	3338
1652	3351
1653	3356
1654	3362
1655	3367
1656	3370
1657	3373
1658	3374
1659	3385
1660	3386
1661	3389
1662	3402
1663	3407
1664	3420
1665	3424
1666	3430
1667	3435
1668	3440
1669	3449
1670	3450
1671	3453
1672	3454
1673	3455
1674	3463
1675	3468
1676	3483
1677	3489
1678	3495
1679	3500
1680	3514
1681	3519
1682	3534
1683	3542
1684	3547
1685	3548
1686	3566
1687	3574
1688	3590
1689	3593
1690	3606
1691	3608
1692	3611
1693	3615
1694	3621
1695	3625
1696	3630
1697	3641
1698	3644
1699	3651
1700	3652
1701	3654
1702	3658
1703	3663
1704	3667
1705	3678
1706	3682
1707	3688
1708	3689
1709	3696
1710	3697
1711	3712
1712	3714
1713	3718
1714	3722
1715	3732
1716	3734
1717	3743
1718	3745
1719	3749
1720	3753
1721	3755
1722	3761
1723	3779
1724	3788
1725	3793
1726	3797
1727	3798
1728	3800
1729	3801
1730	3809
1731	3822
1732	3825
1733	3826
1734	3838
1735	3840
1736	3844
1737	3860
1738	3879
1739	3886
1740	3893
1741	3894
1742	3902
1743	3920
1744	3941
1745	3955
1746	3956
1747	17378
1748	3961
1749	3967
1750	3969
1751	3972
1752	3977
1753	3984
1754	3989
1755	4000
1756	4001
1757	4010
1758	4011
1759	4015
1760	4018
1761	4019
1762	4034
1763	4035
1764	4040
1765	4046
1766	4058
1767	4061
1768	4066
1769	4076
1770	4081
1771	4085
1772	4089
1773	4094
1774	4107
1775	4108
1776	4117
1777	4121
1778	4125
1779	4126
1780	10109
1781	4140
1782	4141
1783	4145
1784	4151
1785	4157
1786	4159
1787	4166
1788	4170
1789	4172
1790	4181
1791	4202
1792	4219
1793	4227
1794	4239
1795	4249
1796	4253
1797	4266
1798	4271
1799	4272
1800	4275
1801	4282
1802	4288
1803	4305
1804	4315
1805	4323
1806	4324
1807	4331
1808	4334
1809	4341
1810	4344
1811	10164
1812	4359
1813	4362
1814	4381
1815	4382
1816	4388
1817	4397
1818	4402
1819	4404
1820	4411
1821	4414
1822	4415
1823	4418
1824	10177
1825	4431
1826	4440
1827	4445
1828	4448
1829	4458
1830	4466
1831	10195
1832	4507
1833	4524
1834	4539
1835	4562
1836	4574
1837	4578
1838	10221
1839	4582
1840	4585
1841	4588
1842	4592
1843	4594
1844	4601
1845	4610
1846	4663
1847	4680
1848	4711
1849	4715
1850	4717
1851	4731
1852	4751
1853	4768
1854	4793
1855	11573
1856	4828
1857	4842
1858	4860
1859	4862
1860	4891
1861	4896
1862	11582
1863	4909
1864	4910
1865	4928
1866	4943
1867	4979
1868	5012
1869	5031
1870	5083
1871	5087
1872	5093
1873	5094
1874	5108
1875	5121
1876	5132
1877	11599
1878	5185
1879	5186
1880	5194
1881	5196
1882	5213
1883	5219
1884	5221
1885	5246
1886	5345
1887	5347
1888	5354
1889	5363
1890	5364
1891	5380
1892	5397
1893	5407
1894	5448
1895	5471
1896	5500
1897	5547
1898	5577
1899	5597
1900	5610
1901	5629
1902	5657
1903	5670
1904	5683
1905	5693
1906	5707
1907	5715
1908	5772
1909	5774
1910	5775
1911	5808
1912	5818
1913	5819
1914	5832
1915	5841
1916	5854
1917	5895
1918	5914
1919	5940
1920	5952
1921	5981
1922	5983
1923	6003
1924	6042
1925	6044
1926	6057
1927	6059
1928	6071
1929	6097
1930	6139
1931	10610
1932	6196
1933	6202
1934	6249
1935	6291
1936	6358
1937	6450
1938	6472
1939	6506
1940	6518
1941	6534
1942	6552
1943	6579
1944	6625
1945	6632
1946	6641
1947	6649
1948	6650
1949	6663
1950	6782
1951	6803
1952	10791
1953	6890
1954	6893
1955	6933
1956	6934
1957	6942
1958	6947
1959	7001
1960	7092
1961	7117
1962	7146
1963	7158
1964	7188
1965	7219
1966	7233
1967	7355
1968	7460
1969	7521
1970	7523
1971	7563
1972	7597
1973	7644
1974	7683
1975	7697
1976	7704
1977	7800
1978	7882
1979	7911
1980	7941
1981	7942
1982	7962
1983	7978
1984	8057
1985	8064
1986	8073
1987	8121
1988	8132
1989	8153
1990	8161
1991	8195
1992	8221
1993	8328
1994	8573
1995	8768
1996	8778
1997	8843
1998	8963
1999	9015
