0	2
1	3
2	4
3	5
4	6
5	7
6	8
7	9
8	10
9	11
10	12
11	13
12	14
13	15
14	16
15	17
16	18
17	19
18	20
19	21
20	22
21	23
22	24
23	25
24	26
25	27
26	28
27	29
28	30
29	31
30	32
31	33
32	34
33	35
34	36
35	37
36	38
37	39
38	40
39	41
40	42
41	43
42	44
43	45
44	46
45	47
46	48
47	49
48	50
49	51
50	52
51	53
52	54
53	55
54	56
55	57
56	58
57	59
58	60
59	61
60	62
61	63
62	64
63	65
64	66
65	67
66	68
67	69
68	70
69	71
70	72
71	73
72	74
73	75
74	76
75	77
76	78
77	79
78	80
79	81
80	82
81	83
82	84
83	85
84	86
85	87
86	88
87	89
88	90
89	91
90	92
91	93
92	94
93	95
94	96
95	97
96	98
97	100
98	101
99	102
100	103
101	104
102	105
103	107
104	108
105	109
106	110
107	111
108	112
109	113
110	114
111	115
112	116
113	117
114	118
115	119
116	120
117	121
118	122
119	123
120	124
121	125
122	126
123	127
124	128
125	129
126	130
127	131
128	132
129	133
130	134
131	135
132	136
133	137
134	138
135	139
136	140
137	141
138	142
139	143
140	144
141	145
142	146
143	147
144	148
145	149
146	150
147	151
148	152
149	153
150	154
151	155
152	156
153	157
154	158
155	159
156	161
157	162
158	163
159	164
160	165
161	166
162	167
163	168
164	169
165	171
166	172
167	173
168	174
169	175
170	176
171	177
172	178
173	179
174	180
175	181
176	182
177	183
178	184
179	185
180	186
181	187
182	188
183	189
184	190
185	191
186	192
187	193
188	195
189	196
190	197
191	198
192	199
193	200
194	201
195	202
196	203
197	205
198	206
199	207
200	208
201	209
202	211
203	212
204	213
205	214
206	215
207	216
208	217
209	218
210	219
211	220
212	221
213	222
214	223
215	224
216	225
217	227
218	228
219	229
220	230
221	231
222	232
223	233
224	234
225	235
226	236
227	237
228	238
229	239
230	240
231	241
232	243
233	244
234	246
235	247
236	248
237	249
238	250
239	252
240	253
241	254
242	255
243	256
244	257
245	258
246	259
247	260
248	262
249	264
250	265
251	266
252	267
253	268
254	270
255	271
256	272
257	273
258	274
259	275
260	276
261	277
262	278
263	279
264	280
265	281
266	282
267	283
268	284
269	285
270	286
271	287
272	288
273	289
274	290
275	291
276	292
277	293
278	294
279	295
280	298
281	299
282	300
283	301
284	302
285	303
286	304
287	305
288	306
289	307
290	308
291	309
292	310
293	311
294	312
295	313
296	314
297	315
298	316
299	317
300	318
301	319
302	320
303	321
304	322
305	324
306	325
307	326
308	327
309	328
310	330
311	331
312	332
313	333
314	334
315	335
316	336
317	337
318	338
319	339
320	344
321	9177
322	346
323	347
324	350
325	351
326	353
327	354
328	356
329	358
330	359
331	360
332	362
333	363
334	364
335	366
336	367
337	369
338	370
339	371
340	372
341	373
342	374
343	375
344	376
345	377
346	378
347	379
348	382
349	383
350	386
351	387
352	388
353	389
354	390
355	391
356	392
357	393
358	394
359	396
360	397
361	398
362	399
363	400
364	401
365	402
366	403
367	405
368	407
369	408
370	409
371	410
372	411
373	413
374	414
375	415
376	417
377	418
378	419
379	420
380	422
381	423
382	424
383	425
384	426
385	427
386	428
387	429
388	430
389	431
390	432
391	433
392	434
393	435
394	437
395	439
396	442
397	445
398	446
399	447
400	449
401	450
402	451
403	452
404	454
405	455
406	456
407	457
408	460
409	461
410	463
411	464
412	465
413	467
414	468
415	469
416	471
417	473
418	474
419	475
420	476
421	477
422	478
423	479
424	480
425	484
426	485
427	487
428	488
429	489
430	490
431	491
432	492
433	493
434	494
435	495
436	496
437	497
438	498
439	499
440	500
441	501
442	502
443	503
444	504
445	505
446	506
447	508
448	509
449	511
450	512
451	514
452	515
453	516
454	518
455	519
456	520
457	522
458	523
459	524
460	525
461	527
462	528
463	529
464	530
465	531
466	532
467	534
468	535
469	536
470	538
471	539
472	540
473	541
474	542
475	545
476	546
477	547
478	548
479	549
480	550
481	552
482	553
483	555
484	556
485	558
486	559
487	560
488	562
489	563
490	564
491	565
492	566
493	567
494	569
495	570
496	571
497	572
498	573
499	574
500	576
501	577
502	578
503	579
504	580
505	581
506	583
507	584
508	585
509	586
510	587
511	588
512	589
513	591
514	592
515	593
516	594
517	595
518	596
519	598
520	599
521	600
522	601
523	602
524	604
525	605
526	606
527	607
528	608
529	610
530	611
531	612
532	613
533	614
534	615
535	616
536	617
537	618
538	619
539	620
540	621
541	624
542	625
543	626
544	627
545	628
546	629
547	630
548	633
549	634
550	635
551	636
552	637
553	638
554	10115
555	640
556	641
557	643
558	644
559	645
560	646
561	647
562	649
563	651
564	652
565	653
566	655
567	656
568	657
569	658
570	659
571	660
572	661
573	663
574	664
575	665
576	666
577	667
578	668
579	669
580	670
581	672
582	675
583	676
584	678
585	679
586	680
587	682
588	683
589	684
590	685
591	687
592	688
593	689
594	690
595	692
596	693
597	695
598	696
599	697
600	698
601	701
602	702
603	704
604	705
605	706
606	707
607	708
608	710
609	711
610	712
611	713
612	714
613	715
614	719
615	720
616	721
617	722
618	723
619	724
620	725
621	726
622	732
623	734
624	736
625	740
626	741
627	742
628	748
629	749
630	750
631	751
632	752
633	753
634	754
635	756
636	757
637	758
638	759
639	760
640	763
641	765
642	766
643	767
644	769
645	770
646	772
647	773
648	774
649	776
650	777
651	778
652	779
653	780
654	781
655	782
656	783
657	785
658	786
659	787
660	788
661	790
662	791
663	792
664	793
665	796
666	797
667	798
668	799
669	800
670	801
671	802
672	804
673	806
674	808
675	810
676	812
677	815
678	816
679	819
680	820
681	821
682	822
683	823
684	826
685	827
686	828
687	11654
688	830
689	831
690	833
691	835
692	838
693	839
694	841
695	842
696	843
697	844
698	845
699	846
700	849
701	850
702	853
703	856
704	857
705	859
706	860
707	862
708	864
709	867
710	868
711	869
712	870
713	872
714	873
715	874
716	875
717	876
718	877
719	879
720	880
721	882
722	884
723	886
724	887
725	888
726	889
727	891
728	893
729	895
730	896
731	897
732	898
733	899
734	901
735	903
736	906
737	907
738	910
739	911
740	913
741	914
742	915
743	918
744	921
745	922
746	923
747	924
748	925
749	926
750	929
751	931
752	933
753	934
754	937
755	938
756	942
757	946
758	949
759	950
760	951
761	952
762	954
763	956
764	957
765	958
766	960
767	961
768	962
769	963
770	964
771	965
772	966
773	968
774	969
775	970
776	971
777	973
778	975
779	976
780	977
781	978
782	979
783	980
784	981
785	982
786	986
787	987
788	988
789	990
790	991
791	992
792	994
793	995
794	996
795	997
796	998
797	999
798	1000
799	1002
800	1003
801	1005
802	1006
803	1009
804	1010
805	1011
806	1012
807	10762
808	1015
809	1016
810	1017
811	1018
812	1019
813	1021
814	1022
815	1024
816	1025
817	1027
818	1028
819	1029
820	1030
821	1031
822	1032
823	1033
824	1034
825	1035
826	1036
827	1037
828	1039
829	1040
830	9354
831	1042
832	1045
833	1046
834	1048
835	1050
836	1051
837	1052
838	1053
839	1055
840	1056
841	1058
842	1059
843	1064
844	1065
845	1066
846	1070
847	1072
848	1073
849	1076
850	1077
851	1078
852	1079
853	1080
854	1085
855	1090
856	1091
857	1094
858	1096
859	1098
860	1100
861	1101
862	1102
863	1104
864	1106
865	1107
866	1108
867	1109
868	1110
869	1114
870	1115
871	1116
872	1117
873	1118
874	1119
875	1121
876	1122
877	1127
878	1128
879	1130
880	1134
881	1136
882	1140
883	1142
884	1144
885	1145
886	1146
887	1147
888	1148
889	1149
890	1150
891	1156
892	1159
893	1160
894	1164
895	1166
896	1167
897	1168
898	1171
899	1173
900	1174
901	1177
902	1178
903	1181
904	1184
905	1186
906	1187
907	1193
908	1195
909	1197
910	1200
911	1203
912	1204
913	1206
914	1207
915	1209
916	1211
917	1214
918	1217
919	1218
920	1219
921	1220
922	1221
923	1225
924	1228
925	1229
926	1231
927	1234
928	1238
929	1240
930	1244
931	1247
932	1248
933	1250
934	1252
935	1254
936	1256
937	1257
938	1258
939	1259
940	1261
941	1262
942	1263
943	1265
944	1268
945	1269
946	1271
947	1272
948	1273
949	1274
950	1275
951	1277
952	1278
953	1279
954	1283
955	1286
956	1288
957	1289
958	1290
959	1291
960	1292
961	1293
962	1296
963	1297
964	1298
965	1300
966	1301
967	1306
968	1307
969	1308
970	1309
971	1311
972	1312
973	1313
974	1315
975	1316
976	1317
977	1318
978	1319
979	1320
980	1321
981	1322
982	1325
983	11351
984	1330
985	1331
986	1333
987	1336
988	1338
989	1339
990	1343
991	1345
992	1349
993	1350
994	1351
995	1352
996	1353
997	1354
998	1356
999	1359
1000	1360
1001	1362
1002	1363
1003	1367
1004	1369
1005	1370
1006	1372
1007	1373
1008	1374
1009	1376
1010	1378
1011	1379
1012	1381
1013	1386
1014	1388
1015	1390
1016	1391
1017	1393
1018	1395
1019	1400
1020	1401
1021	1407
1022	1408
1023	1410
1024	1411
1025	1412
1026	1413
1027	1415
1028	1416
1029	1417
1030	1419
1031	1421
1032	1424
1033	1425
1034	1428
1035	1430
1036	1437
1037	1439
1038	1440
1039	1441
1040	1442
1041	1443
1042	1445
1043	1447
1044	1448
1045	1449
1046	1450
1047	1451
1048	1452
1049	1454
1050	1456
1051	1457
1052	1458
1053	1459
1054	1461
1055	1462
1056	1463
1057	1464
1058	1465
1059	1467
1060	1468
1061	1470
1062	1471
1063	1474
1064	1478
1065	1480
1066	1481
1067	1482
1068	1484
1069	1485
1070	1486
1071	1487
1072	1488
1073	1489
1074	1491
1075	1494
1076	1497
1077	1498
1078	1501
1079	1502
1080	1504
1081	1505
1082	1508
1083	1509
1084	1514
1085	1515
1086	1516
1087	1519
1088	1520
1089	1523
1090	1530
1091	1531
1092	1532
1093	1536
1094	1538
1095	1539
1096	1540
1097	1543
1098	1546
1099	1550
1100	1552
1101	1553
1102	1555
1103	1556
1104	1557
1105	1559
1106	1564
1107	1571
1108	1574
1109	1575
1110	1577
1111	1578
1112	1579
1113	1580
1114	1583
1115	1587
1116	1588
1117	1589
1118	1590
1119	1591
1120	1593
1121	1595
1122	1598
1123	1600
1124	1601
1125	1605
1126	1610
1127	1611
1128	1612
1129	1613
1130	1614
1131	1616
1132	1617
1133	1620
1134	1622
1135	1623
1136	1626
1137	1633
1138	1634
1139	1637
1140	1638
1141	1640
1142	1643
1143	1649
1144	1651
1145	1659
1146	1661
1147	1662
1148	1663
1149	1667
1150	1670
1151	1672
1152	1675
1153	1677
1154	1678
1155	1681
1156	1683
1157	1684
1158	1685
1159	1686
1160	1692
1161	1694
1162	1695
1163	1696
1164	1699
1165	1701
1166	1702
1167	1706
1168	1707
1169	1708
1170	1717
1171	1718
1172	1722
1173	1725
1174	1728
1175	1732
1176	1740
1177	1743
1178	1745
1179	1748
1180	1749
1181	1750
1182	1751
1183	1755
1184	1756
1185	1758
1186	1761
1187	1764
1188	1765
1189	1769
1190	1771
1191	1773
1192	1774
1193	1781
1194	1784
1195	1786
1196	1787
1197	1788
1198	1791
1199	1794
1200	1795
1201	1799
1202	1807
1203	1812
1204	1813
1205	1814
1206	1820
1207	1825
1208	1827
1209	1829
1210	11959
1211	1835
1212	1838
1213	1839
1214	1843
1215	1845
1216	1847
1217	1848
1218	1850
1219	1851
1220	1856
1221	1857
1222	1858
1223	1859
1224	1865
1225	1870
1226	1872
1227	1876
1228	1877
1229	1880
1230	1881
1231	1885
1232	1894
1233	1895
1234	1898
1235	1900
1236	1902
1237	1904
1238	1905
1239	1906
1240	1908
1241	1909
1242	1911
1243	1912
1244	1913
1245	1915
1246	1916
1247	1920
1248	1922
1249	1923
1250	1925
1251	1927
1252	1928
1253	1932
1254	1935
1255	1937
1256	1941
1257	1944
1258	1945
1259	1948
1260	1949
1261	1950
1262	1952
1263	1953
1264	1954
1265	1956
1266	1957
1267	1959
1268	1965
1269	1966
1270	1967
1271	1968
1272	1969
1273	1970
1274	9592
1275	1972
1276	1974
1277	1991
1278	12544
1279	1994
1280	1995
1281	1996
1282	1997
1283	1998
1284	1999
1285	2001
1286	2005
1287	2006
1288	2007
1289	2008
1290	2009
1291	2012
1292	2013
1293	2024
1294	2026
1295	2032
1296	2033
1297	2034
1298	2039
1299	2043
1300	2045
1301	2049
1302	2054
1303	2055
1304	2057
1305	2058
1306	2060
1307	2061
1308	2064
1309	2065
1310	2068
1311	2071
1312	2072
1313	2076
1314	2078
1315	2081
1316	2083
1317	2085
1318	2092
1319	2097
1320	2100
1321	2103
1322	2105
1323	2106
1324	2111
1325	2112
1326	2113
1327	2115
1328	2120
1329	2124
1330	2125
1331	2131
1332	2132
1333	2133
1334	2137
1335	2139
1336	2140
1337	2142
1338	2143
1339	2144
1340	2145
1341	2147
1342	2148
1343	2154
1344	2157
1345	2158
1346	2159
1347	2160
1348	2162
1349	2163
1350	2165
1351	2167
1352	2174
1353	2175
1354	2176
1355	2177
1356	2180
1357	2181
1358	2182
1359	2183
1360	2192
1361	2195
1362	2198
1363	2201
1364	2207
1365	2209
1366	2211
1367	2215
1368	2216
1369	2217
1370	2218
1371	2219
1372	2221
1373	2224
1374	2225
1375	2232
1376	2233
1377	2237
1378	2240
1379	2242
1380	2245
1381	2246
1382	2247
1383	2253
1384	2255
1385	2256
1386	2258
1387	2266
1388	2270
1389	2281
1390	2282
1391	2284
1392	2287
1393	2289
1394	2290
1395	2292
1396	2297
1397	2299
1398	2307
1399	2308
1400	2310
1401	2312
1402	9675
1403	2315
1404	2323
1405	2329
1406	2330
1407	2334
1408	2335
1409	2336
1410	2341
1411	2344
1412	2345
1413	2347
1414	2349
1415	2358
1416	2362
1417	2365
1418	2369
1419	2370
1420	2371
1421	2373
1422	2375
1423	2376
1424	2379
1425	2380
1426	2382
1427	2390
1428	2391
1429	2392
1430	2393
1431	2394
1432	2395
1433	2397
1434	2404
1435	2406
1436	2407
1437	2409
1438	2416
1439	2417
1440	2418
1441	2425
1442	2428
1443	2430
1444	2437
1445	2438
1446	2439
1447	2440
1448	2447
1449	2448
1450	2458
1451	2463
1452	2464
1453	2466
1454	2475
1455	2476
1456	2477
1457	2480
1458	2492
1459	2499
1460	2500
1461	2505
1462	2506
1463	2509
1464	2510
1465	2515
1466	2516
1467	2519
1468	2522
1469	2530
1470	2532
1471	2536
1472	2537
1473	2539
1474	2544
1475	2554
1476	2558
1477	2559
1478	2560
1479	2563
1480	2566
1481	2567
1482	2568
1483	2569
1484	2570
1485	2582
1486	2584
1487	2585
1488	2600
1489	2602
1490	2604
1491	2609
1492	2618
1493	2621
1494	2623
1495	2624
1496	2626
1497	2628
1498	2629
1499	2630
1500	2632
1501	2636
1502	2642
1503	2646
1504	2647
1505	2650
1506	2663
1507	2670
1508	2671
1509	2672
1510	2673
1511	2674
1512	2675
1513	2681
1514	2684
1515	2685
1516	2692
1517	2695
1518	2696
1519	2700
1520	2706
1521	2712
1522	2718
1523	2723
1524	2734
1525	2744
1526	2749
1527	2753
1528	2760
1529	2761
1530	2764
1531	2768
1532	2795
1533	2799
1534	2801
1535	2807
1536	2816
1537	2817
1538	2821
1539	2823
1540	2827
1541	2831
1542	2836
1543	2842
1544	2845
1545	2853
1546	2855
1547	2857
1548	2858
1549	2862
1550	2864
1551	2869
1552	2874
1553	2875
1554	2876
1555	2877
1556	2881
1557	2886
1558	2890
1559	2891
1560	2895
1561	2901
1562	2904
1563	2908
1564	2909
1565	2913
1566	2915
1567	2919
1568	2921
1569	2922
1570	2924
1571	2925
1572	2937
1573	2938
1574	2942
1575	2947
1576	2951
1577	2952
1578	2955
1579	2957
1580	2958
1581	2960
1582	9867
1583	2965
1584	2969
1585	2971
1586	2976
1587	2984
1588	2995
1589	3004
1590	3007
1591	3008
1592	3009
1593	3020
1594	3023
1595	3030
1596	3033
1597	3036
1598	3044
1599	3047
1600	3058
1601	3074
1602	3076
1603	3079
1604	3081
1605	3089
1606	3090
1607	3096
1608	3098
1609	3111
1610	3119
1611	3120
1612	3128
1613	3132
1614	3136
1615	3138
1616	3139
1617	3140
1618	3144
1619	3150
1620	3154
1621	3167
1622	3168
1623	3170
1624	3178
1625	3187
1626	3189
1627	3195
1628	3196
1629	3200
1630	3201
1631	3203
1632	3209
1633	3224
1634	3227
1635	3234
1636	3252
1637	3269
1638	3271
1639	3280
1640	3281
1641	3282
1642	3284
1643	3293
1644	3303
1645	3330
1646	3331
1647	3340
1648	3347
1649	3350
1650	3360
1651	3361
1652	3364
1653	3365
1654	3366
1655	3369
1656	3382
1657	3385
1658	3391
1659	3393
1660	3395
1661	3400
1662	3401
1663	3406
1664	3412
1665	3417
1666	3420
1667	3425
1668	3427
1669	3429
1670	3430
1671	3440
1672	3444
1673	3447
1674	15978
1675	3455
1676	3457
1677	3458
1678	3459
1679	3461
1680	3476
1681	3481
1682	3489
1683	3498
1684	3499
1685	3502
1686	3512
1687	3516
1688	3517
1689	3518
1690	3519
1691	3531
1692	3535
1693	3542
1694	3551
1695	3552
1696	3581
1697	3583
1698	3584
1699	3601
1700	3615
1701	3619
1702	3623
1703	3633
1704	3638
1705	3640
1706	3648
1707	3649
1708	3651
1709	3653
1710	3655
1711	3659
1712	3660
1713	3665
1714	3693
1715	3694
1716	3702
1717	10079
1718	3734
1719	3738
1720	3739
1721	3741
1722	3751
1723	3752
1724	3758
1725	3761
1726	3767
1727	3771
1728	3772
1729	3782
1730	3791
1731	3792
1732	3797
1733	3817
1734	3833
1735	3835
1736	3838
1737	3841
1738	3849
1739	3850
1740	3860
1741	3864
1742	3885
1743	3889
1744	3890
1745	3891
1746	3897
1747	3902
1748	3919
1749	3931
1750	3942
1751	3943
1752	3946
1753	3968
1754	3982
1755	3984
1756	3991
1757	4007
1758	4019
1759	4021
1760	4032
1761	4033
1762	4060
1763	4064
1764	4065
1765	4087
1766	4112
1767	4120
1768	4127
1769	4131
1770	4143
1771	4145
1772	4150
1773	4151
1774	4157
1775	4164
1776	4166
1777	4167
1778	4169
1779	4198
1780	4199
1781	4202
1782	4207
1783	4214
1784	4241
1785	4242
1786	4247
1787	4253
1788	4257
1789	4262
1790	4266
1791	4271
1792	4276
1793	4285
1794	4312
1795	4313
1796	4316
1797	4318
1798	4330
1799	4333
1800	4342
1801	4345
1802	4350
1803	4359
1804	4368
1805	4370
1806	4372
1807	4387
1808	4388
1809	4394
1810	4423
1811	4433
1812	4436
1813	4445
1814	12740
1815	4463
1816	4472
1817	4474
1818	4476
1819	4482
1820	4486
1821	4494
1822	4507
1823	4510
1824	4515
1825	4522
1826	4534
1827	4541
1828	4550
1829	4563
1830	4591
1831	4595
1832	4603
1833	4606
1834	4624
1835	4633
1836	4640
1837	4678
1838	4710
1839	4724
1840	4736
1841	4754
1842	4778
1843	4787
1844	4796
1845	4800
1846	4811
1847	4829
1848	4830
1849	4835
1850	4837
1851	4852
1852	4884
1853	4887
1854	20243
1855	4895
1856	4901
1857	4908
1858	4933
1859	4945
1860	4947
1861	4949
1862	4956
1863	10412
1864	4988
1865	5011
1866	5070
1867	5081
1868	5105
1869	5111
1870	21232
1871	5132
1872	5147
1873	5155
1874	5167
1875	5211
1876	5213
1877	5227
1878	5239
1879	5263
1880	5285
1881	5305
1882	5326
1883	5336
1884	5382
1885	5393
1886	5398
1887	5401
1888	5408
1889	5425
1890	5430
1891	5435
1892	5506
1893	5517
1894	5522
1895	5527
1896	5538
1897	5563
1898	5578
1899	5579
1900	5587
1901	5612
1902	5619
1903	5627
1904	5651
1905	5661
1906	5682
1907	5684
1908	5692
1909	5718
1910	5721
1911	5759
1912	5770
1913	5804
1914	5806
1915	5832
1916	5840
1917	5866
1918	5879
1919	5905
1920	5920
1921	5931
1922	5933
1923	5968
1924	5974
1925	5982
1926	6037
1927	6040
1928	6076
1929	6088
1930	6151
1931	6165
1932	6194
1933	6204
1934	6218
1935	6316
1936	6334
1937	6336
1938	6361
1939	6404
1940	6406
1941	6407
1942	6417
1943	16820
1944	6526
1945	6654
1946	6690
1947	6693
1948	6718
1949	6782
1950	6783
1951	6787
1952	6889
1953	6901
1954	6941
1955	6975
1956	7019
1957	7027
1958	7048
1959	7054
1960	7076
1961	7134
1962	7214
1963	7250
1964	7308
1965	7338
1966	7350
1967	7379
1968	7439
1969	7529
1970	7531
1971	7606
1972	7616
1973	7642
1974	7740
1975	7749
1976	7773
1977	7791
1978	7830
1979	7838
1980	7849
1981	7921
1982	7942
1983	7945
1984	12306
1985	8087
1986	8140
1987	8188
1988	8231
1989	8275
1990	10374
1991	8516
1992	8597
1993	8624
1994	8667
1995	8704
1996	8940
1997	9049
1998	9054
1999	9100
