0	2
1	3
2	4
3	5
4	6
5	7
6	8
7	9
8	10
9	11
10	12
11	13
12	14
13	15
14	16
15	17
16	18
17	19
18	20
19	21
20	22
21	23
22	24
23	25
24	26
25	27
26	28
27	29
28	30
29	31
30	32
31	33
32	34
33	35
34	36
35	37
36	38
37	39
38	40
39	41
40	42
41	43
42	44
43	45
44	46
45	47
46	48
47	49
48	50
49	51
50	52
51	53
52	54
53	55
54	56
55	57
56	58
57	59
58	60
59	61
60	62
61	63
62	64
63	65
64	66
65	67
66	68
67	69
68	70
69	71
70	72
71	73
72	74
73	75
74	76
75	77
76	78
77	79
78	80
79	81
80	82
81	83
82	84
83	85
84	86
85	87
86	88
87	89
88	90
89	91
90	92
91	93
92	94
93	95
94	96
95	97
96	98
97	99
98	100
99	101
100	102
101	103
102	104
103	105
104	106
105	9251
106	108
107	109
108	110
109	111
110	112
111	113
112	114
113	115
114	116
115	117
116	118
117	119
118	120
119	121
120	122
121	123
122	124
123	125
124	127
125	128
126	130
127	131
128	132
129	133
130	134
131	135
132	136
133	137
134	138
135	139
136	140
137	141
138	142
139	143
140	144
141	145
142	146
143	147
144	148
145	149
146	150
147	151
148	152
149	153
150	154
151	155
152	156
153	157
154	158
155	159
156	160
157	161
158	162
159	163
160	164
161	165
162	166
163	167
164	168
165	169
166	170
167	171
168	172
169	173
170	174
171	176
172	177
173	178
174	179
175	180
176	181
177	182
178	183
179	184
180	185
181	186
182	187
183	188
184	189
185	190
186	191
187	192
188	193
189	194
190	195
191	196
192	197
193	198
194	9391
195	200
196	201
197	202
198	205
199	206
200	207
201	208
202	209
203	210
204	211
205	212
206	213
207	214
208	215
209	216
210	217
211	218
212	219
213	220
214	222
215	223
216	224
217	225
218	226
219	227
220	229
221	230
222	231
223	232
224	233
225	234
226	236
227	237
228	239
229	240
230	241
231	242
232	243
233	245
234	246
235	247
236	248
237	249
238	250
239	251
240	252
241	253
242	254
243	255
244	256
245	257
246	258
247	259
248	260
249	261
250	262
251	263
252	264
253	265
254	266
255	269
256	270
257	271
258	272
259	273
260	274
261	275
262	276
263	277
264	278
265	279
266	280
267	281
268	282
269	283
270	284
271	285
272	286
273	287
274	288
275	289
276	290
277	291
278	292
279	293
280	294
281	296
282	297
283	298
284	299
285	300
286	301
287	302
288	303
289	304
290	306
291	308
292	309
293	310
294	311
295	312
296	313
297	314
298	315
299	316
300	317
301	318
302	320
303	321
304	323
305	324
306	326
307	327
308	328
309	329
310	330
311	331
312	333
313	334
314	335
315	336
316	337
317	338
318	340
319	341
320	342
321	343
322	345
323	346
324	348
325	349
326	351
327	352
328	353
329	354
330	355
331	356
332	357
333	358
334	359
335	360
336	361
337	362
338	363
339	365
340	366
341	367
342	368
343	369
344	371
345	372
346	373
347	374
348	375
349	376
350	378
351	379
352	380
353	381
354	382
355	383
356	385
357	386
358	387
359	389
360	390
361	391
362	392
363	393
364	394
365	395
366	396
367	398
368	399
369	400
370	402
371	403
372	404
373	405
374	406
375	407
376	408
377	409
378	410
379	411
380	412
381	413
382	414
383	415
384	416
385	417
386	418
387	419
388	420
389	421
390	422
391	423
392	426
393	427
394	428
395	429
396	431
397	432
398	433
399	434
400	435
401	436
402	437
403	438
404	439
405	440
406	441
407	442
408	443
409	445
410	446
411	447
412	448
413	449
414	451
415	452
416	454
417	457
418	458
419	459
420	460
421	461
422	462
423	464
424	467
425	468
426	469
427	470
428	471
429	472
430	473
431	475
432	476
433	477
434	479
435	480
436	481
437	482
438	483
439	484
440	486
441	487
442	490
443	491
444	493
445	495
446	496
447	498
448	499
449	500
450	502
451	503
452	504
453	505
454	506
455	507
456	508
457	509
458	512
459	513
460	514
461	516
462	517
463	518
464	519
465	520
466	521
467	522
468	523
469	524
470	525
471	528
472	530
473	531
474	532
475	533
476	534
477	535
478	536
479	539
480	540
481	541
482	542
483	544
484	545
485	547
486	550
487	551
488	553
489	554
490	557
491	559
492	561
493	562
494	563
495	564
496	566
497	567
498	569
499	570
500	571
501	572
502	573
503	574
504	577
505	578
506	579
507	580
508	581
509	582
510	583
511	584
512	585
513	586
514	587
515	588
516	589
517	590
518	592
519	593
520	594
521	595
522	596
523	598
524	599
525	600
526	604
527	605
528	607
529	608
530	609
531	610
532	612
533	613
534	614
535	616
536	617
537	621
538	622
539	624
540	626
541	627
542	629
543	631
544	632
545	633
546	635
547	638
548	639
549	640
550	641
551	643
552	644
553	645
554	647
555	649
556	650
557	651
558	652
559	653
560	654
561	657
562	658
563	659
564	660
565	661
566	662
567	663
568	664
569	665
570	666
571	667
572	668
573	669
574	670
575	673
576	674
577	675
578	677
579	678
580	679
581	680
582	681
583	682
584	683
585	684
586	687
587	688
588	690
589	691
590	692
591	693
592	695
593	696
594	697
595	699
596	702
597	703
598	704
599	707
600	709
601	710
602	711
603	712
604	714
605	715
606	719
607	721
608	722
609	723
610	726
611	727
612	728
613	729
614	731
615	732
616	734
617	735
618	736
619	737
620	738
621	739
622	743
623	744
624	745
625	746
626	747
627	751
628	752
629	754
630	755
631	756
632	758
633	760
634	762
635	763
636	764
637	765
638	766
639	767
640	768
641	769
642	770
643	773
644	774
645	775
646	776
647	779
648	780
649	781
650	782
651	783
652	784
653	786
654	787
655	788
656	10368
657	791
658	792
659	793
660	795
661	796
662	797
663	798
664	801
665	802
666	803
667	804
668	805
669	806
670	807
671	808
672	809
673	810
674	813
675	814
676	817
677	818
678	819
679	820
680	822
681	823
682	824
683	825
684	826
685	830
686	831
687	832
688	834
689	836
690	837
691	839
692	840
693	842
694	843
695	846
696	847
697	848
698	849
699	850
700	851
701	855
702	857
703	858
704	860
705	861
706	862
707	863
708	865
709	866
710	867
711	869
712	870
713	871
714	872
715	874
716	875
717	876
718	877
719	878
720	879
721	881
722	10511
723	884
724	885
725	886
726	887
727	888
728	889
729	890
730	891
731	892
732	894
733	895
734	897
735	898
736	899
737	901
738	902
739	903
740	904
741	905
742	907
743	909
744	910
745	912
746	913
747	914
748	916
749	919
750	920
751	922
752	923
753	925
754	926
755	927
756	930
757	931
758	933
759	935
760	939
761	945
762	946
763	947
764	948
765	949
766	950
767	951
768	9131
769	955
770	956
771	957
772	958
773	960
774	962
775	966
776	967
777	968
778	973
779	974
780	976
781	977
782	978
783	979
784	980
785	981
786	982
787	983
788	984
789	986
790	989
791	991
792	992
793	993
794	994
795	996
796	997
797	1000
798	1001
799	1004
800	1005
801	1006
802	1008
803	1013
804	1015
805	1016
806	1018
807	1019
808	1022
809	1023
810	1024
811	1025
812	1031
813	1034
814	1035
815	1038
816	1039
817	1040
818	1041
819	1042
820	1043
821	1044
822	1046
823	1047
824	1049
825	1050
826	1051
827	1052
828	1054
829	1055
830	1056
831	1060
832	1061
833	1062
834	1066
835	1068
836	1069
837	1071
838	1072
839	1073
840	1074
841	1075
842	1076
843	1078
844	1079
845	1082
846	1084
847	1086
848	1087
849	1089
850	1090
851	1092
852	1093
853	1095
854	1097
855	1098
856	1100
857	1102
858	1104
859	1106
860	1109
861	1110
862	1111
863	1112
864	1113
865	1114
866	1115
867	1118
868	1120
869	1121
870	1122
871	1123
872	1126
873	1129
874	1130
875	1131
876	1133
877	1136
878	1137
879	1138
880	1141
881	1144
882	1145
883	1147
884	1148
885	1149
886	1150
887	1151
888	1152
889	1153
890	1154
891	1156
892	1158
893	1165
894	1166
895	1167
896	1168
897	1169
898	1170
899	1173
900	1174
901	1175
902	1176
903	1180
904	1181
905	1184
906	1185
907	1187
908	1190
909	1191
910	1196
911	1199
912	1200
913	1203
914	1204
915	1205
916	1206
917	1208
918	1210
919	1214
920	1215
921	1217
922	1219
923	1220
924	1221
925	1222
926	1223
927	1225
928	1228
929	1229
930	1230
931	1232
932	1236
933	1237
934	1239
935	1241
936	1242
937	1244
938	1246
939	1247
940	1248
941	1249
942	1250
943	1251
944	1252
945	1255
946	1256
947	1262
948	1263
949	1264
950	1265
951	1266
952	1267
953	1268
954	1269
955	1277
956	1278
957	1279
958	1281
959	1282
960	1283
961	1290
962	1292
963	1293
964	1294
965	1297
966	1299
967	1302
968	1303
969	1310
970	1311
971	1316
972	1317
973	1318
974	1319
975	1321
976	1322
977	1323
978	1324
979	1326
980	1329
981	1330
982	1332
983	1336
984	1337
985	1338
986	1341
987	1342
988	1344
989	1347
990	1351
991	1352
992	1355
993	1356
994	1357
995	1359
996	1360
997	1362
998	1366
999	1367
1000	1369
1001	1371
1002	1372
1003	1373
1004	1374
1005	1375
1006	1376
1007	1377
1008	1379
1009	1381
1010	1382
1011	1383
1012	1384
1013	1386
1014	1388
1015	1389
1016	1390
1017	1392
1018	1393
1019	1394
1020	1398
1021	1400
1022	1402
1023	1404
1024	1405
1025	1407
1026	1409
1027	1411
1028	1412
1029	1413
1030	1414
1031	1417
1032	1418
1033	1419
1034	1420
1035	1423
1036	1424
1037	1426
1038	1427
1039	1428
1040	1429
1041	1432
1042	1434
1043	1437
1044	1439
1045	1444
1046	1446
1047	1447
1048	1451
1049	1453
1050	1455
1051	1456
1052	1461
1053	1466
1054	1467
1055	1468
1056	1469
1057	1472
1058	1473
1059	1476
1060	1477
1061	1479
1062	1482
1063	1488
1064	1489
1065	1490
1066	1493
1067	1494
1068	1495
1069	1497
1070	1498
1071	1501
1072	1505
1073	1506
1074	1508
1075	1509
1076	1512
1077	1517
1078	1518
1079	1519
1080	1521
1081	1525
1082	1528
1083	1529
1084	1531
1085	1532
1086	1533
1087	1534
1088	1536
1089	1537
1090	1538
1091	1544
1092	1545
1093	1549
1094	1551
1095	1553
1096	1558
1097	1561
1098	1562
1099	1565
1100	1566
1101	1570
1102	1571
1103	1572
1104	1573
1105	1577
1106	1579
1107	1580
1108	1583
1109	1585
1110	1589
1111	1590
1112	1591
1113	1593
1114	1594
1115	1595
1116	1597
1117	1599
1118	1600
1119	1603
1120	1604
1121	1607
1122	1610
1123	1611
1124	1612
1125	1613
1126	1618
1127	1624
1128	1625
1129	1627
1130	1630
1131	1631
1132	1638
1133	1639
1134	1642
1135	1645
1136	1650
1137	11924
1138	1653
1139	1654
1140	1659
1141	1665
1142	1666
1143	1667
1144	1670
1145	1671
1146	1672
1147	1677
1148	1678
1149	1681
1150	1682
1151	1683
1152	1684
1153	1687
1154	1689
1155	1693
1156	1694
1157	1696
1158	1697
1159	1701
1160	1703
1161	1704
1162	1707
1163	1708
1164	1713
1165	1716
1166	1717
1167	1718
1168	1721
1169	1722
1170	1724
1171	1725
1172	1726
1173	1728
1174	1731
1175	1732
1176	1733
1177	9168
1178	1738
1179	1739
1180	12077
1181	1742
1182	1743
1183	1747
1184	1751
1185	1752
1186	1753
1187	1756
1188	1757
1189	1759
1190	1761
1191	1762
1192	1764
1193	1766
1194	1769
1195	1771
1196	1777
1197	1779
1198	1781
1199	1782
1200	1784
1201	1785
1202	1788
1203	1790
1204	1791
1205	1794
1206	1795
1207	1798
1208	1801
1209	1802
1210	1803
1211	1805
1212	1808
1213	1811
1214	1812
1215	1814
1216	1817
1217	1818
1218	1822
1219	1827
1220	1829
1221	1832
1222	1835
1223	1836
1224	1839
1225	1840
1226	1844
1227	1845
1228	1846
1229	1848
1230	1850
1231	1855
1232	1860
1233	1862
1234	1863
1235	1871
1236	1875
1237	1878
1238	1879
1239	1882
1240	1884
1241	1885
1242	1888
1243	1891
1244	1898
1245	1899
1246	1901
1247	1903
1248	1904
1249	1905
1250	1906
1251	1909
1252	1910
1253	1915
1254	1921
1255	1926
1256	1927
1257	1930
1258	1934
1259	1939
1260	1942
1261	1945
1262	1946
1263	1947
1264	1948
1265	1949
1266	1950
1267	1952
1268	1953
1269	1955
1270	1958
1271	1959
1272	1961
1273	1964
1274	1966
1275	1969
1276	1970
1277	1979
1278	1980
1279	1981
1280	1989
1281	1991
1282	1994
1283	1995
1284	1999
1285	2000
1286	2001
1287	2002
1288	2003
1289	2006
1290	2007
1291	2026
1292	2038
1293	2039
1294	2040
1295	2043
1296	2044
1297	2051
1298	2052
1299	2053
1300	2057
1301	2060
1302	2061
1303	2064
1304	2065
1305	2072
1306	2076
1307	2078
1308	2080
1309	2082
1310	2083
1311	2085
1312	2087
1313	2088
1314	2089
1315	2091
1316	9185
1317	2096
1318	2097
1319	2100
1320	2102
1321	2103
1322	2106
1323	2108
1324	2111
1325	2121
1326	2122
1327	2123
1328	2125
1329	2126
1330	2132
1331	2134
1332	2135
1333	2136
1334	2140
1335	2147
1336	2149
1337	2154
1338	2157
1339	2158
1340	2165
1341	2167
1342	2174
1343	2175
1344	2176
1345	2180
1346	2182
1347	2187
1348	2189
1349	2193
1350	2194
1351	2195
1352	2197
1353	2199
1354	2204
1355	2207
1356	2212
1357	2213
1358	2217
1359	2218
1360	2221
1361	2222
1362	2226
1363	2232
1364	2233
1365	2236
1366	2239
1367	2241
1368	2249
1369	2255
1370	2259
1371	13038
1372	2264
1373	2266
1374	2268
1375	2269
1376	2270
1377	2271
1378	2272
1379	2278
1380	2280
1381	2281
1382	2286
1383	2290
1384	2291
1385	2294
1386	2297
1387	2305
1388	2307
1389	2311
1390	2313
1391	2321
1392	2328
1393	2329
1394	2331
1395	2332
1396	2335
1397	2339
1398	2341
1399	2342
1400	2343
1401	2346
1402	2348
1403	2349
1404	2358
1405	2361
1406	2362
1407	2363
1408	2365
1409	2366
1410	2369
1411	2370
1412	2371
1413	2378
1414	2381
1415	2383
1416	13385
1417	2393
1418	2394
1419	2396
1420	2400
1421	2403
1422	2404
1423	2405
1424	2408
1425	2409
1426	2412
1427	2414
1428	2418
1429	2420
1430	2421
1431	2425
1432	2426
1433	2433
1434	2435
1435	2436
1436	2438
1437	2441
1438	2443
1439	2445
1440	2446
1441	2448
1442	2449
1443	2450
1444	2457
1445	2459
1446	2463
1447	2465
1448	2466
1449	2469
1450	2471
1451	2476
1452	2477
1453	2478
1454	2481
1455	2483
1456	2488
1457	2491
1458	2495
1459	2499
1460	2501
1461	2503
1462	2504
1463	2505
1464	2508
1465	2509
1466	2512
1467	2521
1468	2525
1469	2531
1470	2533
1471	2536
1472	2537
1473	2550
1474	2551
1475	2554
1476	2562
1477	2563
1478	2564
1479	2565
1480	2568
1481	2571
1482	2573
1483	2576
1484	2592
1485	2593
1486	2609
1487	2610
1488	2611
1489	2614
1490	2615
1491	2616
1492	13900
1493	2628
1494	2639
1495	2641
1496	2645
1497	2648
1498	2651
1499	2655
1500	2662
1501	2664
1502	2667
1503	2670
1504	2673
1505	2680
1506	2682
1507	2685
1508	2688
1509	2690
1510	2695
1511	2701
1512	2702
1513	2714
1514	2716
1515	2738
1516	2739
1517	2742
1518	2743
1519	2747
1520	2749
1521	2750
1522	2752
1523	2754
1524	2755
1525	2756
1526	2757
1527	2758
1528	2765
1529	2767
1530	2777
1531	2779
1532	2783
1533	2787
1534	2789
1535	2791
1536	2797
1537	2810
1538	2812
1539	2821
1540	2823
1541	2825
1542	2826
1543	2829
1544	2831
1545	2832
1546	2843
1547	2848
1548	2850
1549	2858
1550	2860
1551	2861
1552	2878
1553	2881
1554	2882
1555	2884
1556	2885
1557	2892
1558	2899
1559	2900
1560	2901
1561	2902
1562	2910
1563	2919
1564	2936
1565	2937
1566	2938
1567	2941
1568	2943
1569	2945
1570	2947
1571	2948
1572	2950
1573	2951
1574	2952
1575	2962
1576	2968
1577	2971
1578	2973
1579	2974
1580	2977
1581	2978
1582	2986
1583	2995
1584	2997
1585	3005
1586	3007
1587	3008
1588	3016
1589	3021
1590	3025
1591	3028
1592	3029
1593	3052
1594	3055
1595	3056
1596	3058
1597	3064
1598	3074
1599	3085
1600	3092
1601	3104
1602	3105
1603	3108
1604	3112
1605	3114
1606	3115
1607	3116
1608	3119
1609	3121
1610	3126
1611	3131
1612	3134
1613	3135
1614	3139
1615	3143
1616	3155
1617	3166
1618	3181
1619	3183
1620	3196
1621	3206
1622	3207
1623	3208
1624	3209
1625	3212
1626	3216
1627	3221
1628	3230
1629	3231
1630	3235
1631	3237
1632	3238
1633	3246
1634	3262
1635	3267
1636	3272
1637	3273
1638	3275
1639	3283
1640	3284
1641	3296
1642	3299
1643	3300
1644	3302
1645	3304
1646	3305
1647	3318
1648	3323
1649	3325
1650	3327
1651	3328
1652	3337
1653	3348
1654	3352
1655	3360
1656	3369
1657	3371
1658	3372
1659	3374
1660	3389
1661	3398
1662	3399
1663	3401
1664	3403
1665	3408
1666	3410
1667	3424
1668	3428
1669	3432
1670	3444
1671	3460
1672	3465
1673	3469
1674	3476
1675	3485
1676	3496
1677	3504
1678	3505
1679	3511
1680	3521
1681	3522
1682	3528
1683	3536
1684	3569
1685	3570
1686	3573
1687	3574
1688	3577
1689	3579
1690	3580
1691	3584
1692	3590
1693	3592
1694	3602
1695	3616
1696	3625
1697	3627
1698	3644
1699	3649
1700	3650
1701	3656
1702	3657
1703	3659
1704	3662
1705	3668
1706	3677
1707	3679
1708	3684
1709	3705
1710	3706
1711	3712
1712	3719
1713	3724
1714	3729
1715	3738
1716	3741
1717	3754
1718	3763
1719	3768
1720	3771
1721	3773
1722	3800
1723	3802
1724	3806
1725	3813
1726	3822
1727	3823
1728	3824
1729	3831
1730	3846
1731	3851
1732	3853
1733	3854
1734	3857
1735	3865
1736	3870
1737	3871
1738	3874
1739	3879
1740	3887
1741	3901
1742	3904
1743	3908
1744	3919
1745	3920
1746	3930
1747	3953
1748	3973
1749	3975
1750	10149
1751	3997
1752	4003
1753	4004
1754	4016
1755	4019
1756	4052
1757	4053
1758	4061
1759	4063
1760	4064
1761	4077
1762	4097
1763	4109
1764	4114
1765	4115
1766	4116
1767	4118
1768	4140
1769	4151
1770	4156
1771	17879
1772	4168
1773	4171
1774	4174
1775	4177
1776	4183
1777	4190
1778	4195
1779	4196
1780	4197
1781	4199
1782	4213
1783	4216
1784	4225
1785	4228
1786	4229
1787	4231
1788	4234
1789	18177
1790	4251
1791	4256
1792	4261
1793	4272
1794	4288
1795	4293
1796	4295
1797	4321
1798	4358
1799	4364
1800	4368
1801	4414
1802	4421
1803	4422
1804	4433
1805	4435
1806	4442
1807	4451
1808	4452
1809	4461
1810	4464
1811	4468
1812	4474
1813	4492
1814	4504
1815	4512
1816	4529
1817	4538
1818	4546
1819	12783
1820	4563
1821	4567
1822	4569
1823	4582
1824	4598
1825	4603
1826	4604
1827	4610
1828	4619
1829	4630
1830	4631
1831	4634
1832	4636
1833	4641
1834	4672
1835	4695
1836	4697
1837	4698
1838	4721
1839	4727
1840	4752
1841	4767
1842	4770
1843	10371
1844	4801
1845	4808
1846	4809
1847	4818
1848	4827
1849	4828
1850	4853
1851	4855
1852	4857
1853	4861
1854	4862
1855	4884
1856	4885
1857	4898
1858	4908
1859	4922
1860	4947
1861	4952
1862	4960
1863	4965
1864	4978
1865	4979
1866	4986
1867	4996
1868	5007
1869	5031
1870	5053
1871	5104
1872	5114
1873	5130
1874	5142
1875	5158
1876	5166
1877	5191
1878	5197
1879	5222
1880	10481
1881	5254
1882	5260
1883	5267
1884	5305
1885	5348
1886	5350
1887	5376
1888	5382
1889	5402
1890	5412
1891	5417
1892	5424
1893	5425
1894	5426
1895	5428
1896	5461
1897	5489
1898	5491
1899	5506
1900	5550
1901	5552
1902	5563
1903	5594
1904	5617
1905	5636
1906	5643
1907	5648
1908	5651
1909	5694
1910	5727
1911	5748
1912	5782
1913	5795
1914	5829
1915	5929
1916	5931
1917	5938
1918	5950
1919	5958
1920	5993
1921	6009
1922	6010
1923	6018
1924	6020
1925	6086
1926	6105
1927	6121
1928	6132
1929	6153
1930	6161
1931	6173
1932	6193
1933	6199
1934	6272
1935	6287
1936	6288
1937	6314
1938	6320
1939	6396
1940	6447
1941	6457
1942	6478
1943	6525
1944	6548
1945	6551
1946	6579
1947	6581
1948	6608
1949	6614
1950	6626
1951	6646
1952	6668
1953	6730
1954	6734
1955	6744
1956	6766
1957	6769
1958	6802
1959	6805
1960	6843
1961	6858
1962	6905
1963	6914
1964	6960
1965	6967
1966	7067
1967	7107
1968	7113
1969	7175
1970	7209
1971	7376
1972	7496
1973	7550
1974	7557
1975	7614
1976	7615
1977	7667
1978	7709
1979	7739
1980	7764
1981	7818
1982	7873
1983	7962
1984	8001
1985	8085
1986	8113
1987	8166
1988	8209
1989	8287
1990	8346
1991	8431
1992	8480
1993	8544
1994	8610
1995	8884
1996	9003
1997	9061
1998	9077
1999	9091
