0	2
1	3
2	4
3	5
4	6
5	7
6	8
7	9
8	10
9	11
10	12
11	13
12	14
13	15
14	16
15	17
16	18
17	19
18	20
19	21
20	22
21	23
22	24
23	25
24	26
25	27
26	28
27	29
28	30
29	31
30	32
31	33
32	34
33	35
34	36
35	37
36	38
37	39
38	40
39	41
40	42
41	43
42	44
43	45
44	46
45	47
46	48
47	49
48	50
49	51
50	52
51	53
52	54
53	55
54	56
55	57
56	58
57	59
58	60
59	61
60	62
61	63
62	64
63	65
64	66
65	67
66	68
67	69
68	70
69	71
70	72
71	73
72	74
73	75
74	76
75	77
76	78
77	79
78	80
79	81
80	82
81	83
82	84
83	85
84	86
85	88
86	89
87	90
88	91
89	92
90	93
91	94
92	95
93	96
94	97
95	98
96	99
97	100
98	101
99	102
100	103
101	104
102	105
103	106
104	107
105	108
106	109
107	110
108	111
109	112
110	113
111	114
112	115
113	116
114	117
115	118
116	119
117	120
118	122
119	123
120	124
121	125
122	126
123	127
124	128
125	129
126	130
127	131
128	132
129	133
130	134
131	135
132	136
133	137
134	138
135	139
136	140
137	141
138	143
139	145
140	146
141	147
142	148
143	149
144	150
145	151
146	152
147	153
148	155
149	156
150	157
151	158
152	159
153	160
154	161
155	162
156	163
157	164
158	165
159	166
160	167
161	168
162	169
163	170
164	171
165	172
166	173
167	174
168	175
169	176
170	177
171	178
172	179
173	180
174	182
175	183
176	185
177	186
178	187
179	188
180	189
181	190
182	191
183	192
184	193
185	195
186	196
187	197
188	198
189	199
190	200
191	201
192	203
193	204
194	205
195	206
196	207
197	208
198	209
199	210
200	211
201	212
202	213
203	214
204	215
205	216
206	218
207	219
208	220
209	221
210	222
211	223
212	224
213	225
214	226
215	227
216	228
217	230
218	231
219	233
220	234
221	235
222	236
223	237
224	238
225	239
226	240
227	11168
228	242
229	243
230	244
231	245
232	246
233	247
234	249
235	250
236	252
237	253
238	254
239	256
240	257
241	259
242	260
243	261
244	262
245	264
246	265
247	267
248	268
249	269
250	270
251	271
252	272
253	273
254	274
255	276
256	278
257	279
258	280
259	282
260	283
261	284
262	285
263	286
264	287
265	288
266	290
267	291
268	292
269	293
270	294
271	295
272	297
273	298
274	299
275	300
276	301
277	304
278	305
279	306
280	308
281	309
282	310
283	311
284	312
285	314
286	315
287	316
288	317
289	318
290	319
291	320
292	321
293	322
294	323
295	324
296	325
297	326
298	327
299	329
300	330
301	332
302	333
303	334
304	337
305	338
306	339
307	340
308	341
309	342
310	343
311	344
312	345
313	346
314	347
315	348
316	349
317	350
318	351
319	353
320	354
321	356
322	357
323	358
324	359
325	360
326	362
327	363
328	364
329	365
330	366
331	367
332	369
333	370
334	371
335	372
336	373
337	374
338	375
339	376
340	377
341	378
342	379
343	380
344	381
345	382
346	383
347	384
348	385
349	386
350	387
351	388
352	389
353	390
354	391
355	392
356	393
357	394
358	395
359	396
360	397
361	398
362	400
363	401
364	402
365	403
366	405
367	406
368	407
369	409
370	410
371	411
372	412
373	413
374	414
375	416
376	417
377	419
378	420
379	421
380	422
381	423
382	425
383	426
384	427
385	428
386	429
387	430
388	431
389	432
390	433
391	434
392	436
393	437
394	439
395	440
396	441
397	442
398	443
399	444
400	445
401	446
402	447
403	448
404	449
405	451
406	453
407	454
408	456
409	458
410	460
411	461
412	463
413	464
414	466
415	467
416	469
417	470
418	474
419	475
420	476
421	477
422	479
423	480
424	481
425	482
426	483
427	484
428	485
429	489
430	490
431	492
432	493
433	494
434	495
435	496
436	497
437	498
438	499
439	500
440	502
441	503
442	504
443	505
444	506
445	507
446	508
447	509
448	510
449	512
450	514
451	516
452	517
453	518
454	519
455	520
456	521
457	523
458	524
459	525
460	526
461	528
462	529
463	530
464	531
465	534
466	535
467	536
468	538
469	539
470	541
471	542
472	543
473	544
474	545
475	546
476	547
477	548
478	549
479	550
480	552
481	553
482	554
483	556
484	557
485	558
486	560
487	561
488	562
489	563
490	564
491	565
492	566
493	567
494	568
495	569
496	570
497	571
498	573
499	574
500	575
501	578
502	579
503	581
504	582
505	584
506	585
507	587
508	588
509	589
510	593
511	594
512	595
513	596
514	597
515	599
516	600
517	601
518	602
519	603
520	605
521	606
522	607
523	608
524	609
525	612
526	613
527	615
528	616
529	617
530	618
531	619
532	620
533	622
534	623
535	624
536	625
537	626
538	629
539	631
540	632
541	638
542	639
543	640
544	642
545	645
546	646
547	647
548	648
549	649
550	650
551	651
552	654
553	655
554	657
555	658
556	659
557	660
558	663
559	664
560	665
561	666
562	667
563	669
564	670
565	671
566	672
567	673
568	674
569	675
570	676
571	677
572	678
573	679
574	680
575	681
576	682
577	683
578	684
579	685
580	686
581	687
582	688
583	689
584	690
585	691
586	696
587	697
588	698
589	699
590	701
591	702
592	703
593	706
594	707
595	708
596	709
597	711
598	712
599	713
600	714
601	715
602	716
603	717
604	720
605	721
606	722
607	724
608	725
609	726
610	727
611	728
612	729
613	730
614	731
615	732
616	733
617	734
618	735
619	736
620	737
621	738
622	739
623	740
624	741
625	742
626	743
627	745
628	746
629	747
630	748
631	749
632	751
633	752
634	753
635	756
636	758
637	759
638	760
639	761
640	762
641	764
642	765
643	766
644	769
645	770
646	773
647	774
648	775
649	777
650	779
651	780
652	781
653	783
654	784
655	788
656	789
657	791
658	792
659	794
660	796
661	797
662	798
663	799
664	800
665	801
666	802
667	803
668	804
669	805
670	806
671	808
672	810
673	811
674	813
675	814
676	816
677	818
678	820
679	822
680	823
681	824
682	826
683	827
684	828
685	829
686	831
687	832
688	833
689	834
690	835
691	837
692	838
693	841
694	842
695	843
696	844
697	846
698	848
699	849
700	850
701	851
702	852
703	856
704	857
705	858
706	11361
707	860
708	861
709	862
710	863
711	864
712	865
713	867
714	868
715	870
716	871
717	872
718	873
719	874
720	875
721	876
722	878
723	879
724	880
725	882
726	883
727	884
728	886
729	887
730	888
731	889
732	890
733	891
734	893
735	895
736	896
737	897
738	898
739	899
740	901
741	904
742	906
743	907
744	908
745	910
746	911
747	912
748	913
749	914
750	915
751	916
752	918
753	919
754	920
755	921
756	924
757	925
758	926
759	929
760	930
761	931
762	932
763	933
764	934
765	935
766	936
767	938
768	940
769	941
770	945
771	946
772	947
773	948
774	949
775	951
776	952
777	953
778	956
779	957
780	958
781	959
782	960
783	961
784	962
785	965
786	971
787	972
788	973
789	974
790	975
791	976
792	977
793	980
794	982
795	984
796	985
797	988
798	989
799	990
800	991
801	992
802	994
803	995
804	996
805	997
806	1000
807	1001
808	1004
809	1007
810	1008
811	1009
812	1011
813	1012
814	1013
815	1014
816	1018
817	1019
818	1020
819	1021
820	1023
821	1024
822	1025
823	1027
824	1029
825	1031
826	1032
827	1034
828	1035
829	1036
830	1039
831	1040
832	1043
833	1045
834	1048
835	1051
836	1052
837	1053
838	1054
839	1055
840	1057
841	1058
842	1060
843	1061
844	1066
845	1068
846	1073
847	1075
848	1077
849	1078
850	1079
851	1082
852	1083
853	1084
854	1086
855	1087
856	1092
857	1093
858	1094
859	1095
860	1096
861	1098
862	1099
863	1101
864	1102
865	1105
866	1108
867	1109
868	1110
869	1111
870	1112
871	1113
872	1115
873	1117
874	1118
875	1119
876	1120
877	1122
878	1123
879	1124
880	1125
881	1126
882	1128
883	1129
884	1130
885	1134
886	1135
887	1138
888	1139
889	1140
890	1142
891	1145
892	1146
893	1147
894	1148
895	1151
896	1153
897	1154
898	1155
899	1156
900	1158
901	1160
902	1164
903	1165
904	1168
905	1169
906	1176
907	1177
908	1178
909	1180
910	1184
911	1187
912	1189
913	1194
914	1195
915	1196
916	1197
917	1199
918	1200
919	1201
920	1204
921	1205
922	1206
923	1207
924	1209
925	1211
926	1213
927	1214
928	1217
929	1218
930	1219
931	1223
932	1224
933	1225
934	10864
935	1231
936	1234
937	1236
938	1237
939	1238
940	1240
941	1241
942	10882
943	1243
944	1244
945	1245
946	1246
947	1247
948	1250
949	1251
950	1253
951	1255
952	1257
953	1260
954	1262
955	1263
956	1266
957	1271
958	1273
959	1274
960	1275
961	1278
962	1279
963	1283
964	1284
965	1285
966	1292
967	1293
968	1295
969	1297
970	1301
971	1302
972	1303
973	1305
974	1306
975	1309
976	1315
977	1318
978	1325
979	1327
980	1329
981	1331
982	1332
983	1333
984	1334
985	1335
986	1338
987	1339
988	1340
989	1343
990	1344
991	1345
992	1347
993	1348
994	1351
995	1352
996	1356
997	1358
998	1360
999	1362
1000	1366
1001	1367
1002	1368
1003	1370
1004	1371
1005	1374
1006	1377
1007	1378
1008	1379
1009	1380
1010	1381
1011	1382
1012	1383
1013	1385
1014	1386
1015	1392
1016	1393
1017	1394
1018	1395
1019	1397
1020	1402
1021	1405
1022	1406
1023	1407
1024	1408
1025	1411
1026	1412
1027	9300
1028	1414
1029	1416
1030	1420
1031	1422
1032	1428
1033	1429
1034	1434
1035	1437
1036	1438
1037	1440
1038	1441
1039	1445
1040	1446
1041	1447
1042	1450
1043	1451
1044	1453
1045	1455
1046	1458
1047	1460
1048	1462
1049	1468
1050	1470
1051	1472
1052	1474
1053	1475
1054	1477
1055	1479
1056	1481
1057	1483
1058	1485
1059	1486
1060	1489
1061	1491
1062	1494
1063	1497
1064	1498
1065	1499
1066	1500
1067	1501
1068	1502
1069	1503
1070	1504
1071	1505
1072	1506
1073	1510
1074	1511
1075	1514
1076	1515
1077	1519
1078	1520
1079	1523
1080	1524
1081	1526
1082	1527
1083	1529
1084	1530
1085	1531
1086	1532
1087	1533
1088	1535
1089	1537
1090	1538
1091	1540
1092	1541
1093	1543
1094	1544
1095	1547
1096	1548
1097	1549
1098	1550
1099	1551
1100	1552
1101	1554
1102	1556
1103	1557
1104	1558
1105	1560
1106	1561
1107	1562
1108	1564
1109	1565
1110	1566
1111	1567
1112	1568
1113	1575
1114	1576
1115	1577
1116	1581
1117	1582
1118	1583
1119	1585
1120	1586
1121	1587
1122	1592
1123	1594
1124	1595
1125	1598
1126	1600
1127	1601
1128	1603
1129	1604
1130	1606
1131	1609
1132	1610
1133	1613
1134	1619
1135	1620
1136	1622
1137	1623
1138	1624
1139	1625
1140	1627
1141	1628
1142	1630
1143	1633
1144	1637
1145	1639
1146	1640
1147	1641
1148	1645
1149	1646
1150	1647
1151	1648
1152	1651
1153	1652
1154	1653
1155	1658
1156	1661
1157	1663
1158	1664
1159	1666
1160	1667
1161	1668
1162	1670
1163	1672
1164	1674
1165	1677
1166	1678
1167	1685
1168	1695
1169	1699
1170	1700
1171	1704
1172	1708
1173	11726
1174	1718
1175	1720
1176	1721
1177	1722
1178	1723
1179	1728
1180	1729
1181	1731
1182	1735
1183	1736
1184	1740
1185	1745
1186	1746
1187	1748
1188	1750
1189	1751
1190	1753
1191	1754
1192	1756
1193	1762
1194	1765
1195	1767
1196	1771
1197	9394
1198	1774
1199	1775
1200	1776
1201	1778
1202	1780
1203	1781
1204	1783
1205	1787
1206	1789
1207	1796
1208	1802
1209	1804
1210	1811
1211	1815
1212	1816
1213	1819
1214	1820
1215	1822
1216	1824
1217	1826
1218	1828
1219	1832
1220	1833
1221	1834
1222	1842
1223	1843
1224	1847
1225	1848
1226	1849
1227	1851
1228	1852
1229	1853
1230	1856
1231	1859
1232	1860
1233	1861
1234	1862
1235	1868
1236	1873
1237	1874
1238	1879
1239	1880
1240	1882
1241	1886
1242	1887
1243	1892
1244	1893
1245	1894
1246	1897
1247	1901
1248	1903
1249	1906
1250	1908
1251	1911
1252	1913
1253	1921
1254	1929
1255	1930
1256	1934
1257	1936
1258	1937
1259	1940
1260	1942
1261	1943
1262	1949
1263	1950
1264	1951
1265	1954
1266	1955
1267	1959
1268	1962
1269	1964
1270	1966
1271	12194
1272	1968
1273	1969
1274	1974
1275	1980
1276	1982
1277	1984
1278	1985
1279	1986
1280	1990
1281	1991
1282	1992
1283	1998
1284	1999
1285	2000
1286	2001
1287	2003
1288	2004
1289	2005
1290	2006
1291	2007
1292	2008
1293	2011
1294	2012
1295	2013
1296	2014
1297	2019
1298	2022
1299	2024
1300	2026
1301	2027
1302	2028
1303	2029
1304	2032
1305	2037
1306	2038
1307	2044
1308	2045
1309	2046
1310	2048
1311	2055
1312	2056
1313	2057
1314	2059
1315	2064
1316	2066
1317	2069
1318	2074
1319	2079
1320	2081
1321	2082
1322	2084
1323	2088
1324	2091
1325	2092
1326	2093
1327	12456
1328	2099
1329	2111
1330	2114
1331	2115
1332	2116
1333	2118
1334	2125
1335	12514
1336	2133
1337	2138
1338	2139
1339	2142
1340	2145
1341	2146
1342	2147
1343	2148
1344	2149
1345	2155
1346	2157
1347	2159
1348	2161
1349	2164
1350	2165
1351	2166
1352	2167
1353	2170
1354	2176
1355	2181
1356	2187
1357	2189
1358	2191
1359	2193
1360	2195
1361	2197
1362	2198
1363	2199
1364	2202
1365	2204
1366	2205
1367	2207
1368	2211
1369	2214
1370	2221
1371	2224
1372	2226
1373	2227
1374	2230
1375	2231
1376	2233
1377	2234
1378	2236
1379	2238
1380	2239
1381	2240
1382	2243
1383	2247
1384	2254
1385	2255
1386	2256
1387	2257
1388	2263
1389	2264
1390	2267
1391	2269
1392	2270
1393	2271
1394	2272
1395	2273
1396	2275
1397	2281
1398	2284
1399	2287
1400	2292
1401	2293
1402	2299
1403	2302
1404	2303
1405	2307
1406	2314
1407	2315
1408	2319
1409	2322
1410	2324
1411	2329
1412	2335
1413	2337
1414	2339
1415	2348
1416	2349
1417	2353
1418	2356
1419	2357
1420	2366
1421	2367
1422	2369
1423	2370
1424	2375
1425	2378
1426	2379
1427	2380
1428	2381
1429	2386
1430	2400
1431	2403
1432	2404
1433	2408
1434	2416
1435	2418
1436	2420
1437	2421
1438	2422
1439	2426
1440	2427
1441	2428
1442	2429
1443	2432
1444	2436
1445	2437
1446	2438
1447	2439
1448	2440
1449	2442
1450	2454
1451	2457
1452	2463
1453	2466
1454	2469
1455	2477
1456	2479
1457	2481
1458	2486
1459	2489
1460	2496
1461	2499
1462	2500
1463	13315
1464	2506
1465	2510
1466	2511
1467	2518
1468	2522
1469	2524
1470	2528
1471	2529
1472	2531
1473	2535
1474	2536
1475	2540
1476	2543
1477	2549
1478	2556
1479	2559
1480	2567
1481	2578
1482	2579
1483	2580
1484	2581
1485	2587
1486	2589
1487	2594
1488	2596
1489	2597
1490	2602
1491	2606
1492	2609
1493	2613
1494	2617
1495	2627
1496	2630
1497	2631
1498	2637
1499	2640
1500	2642
1501	2647
1502	2648
1503	2650
1504	2655
1505	2659
1506	2662
1507	2663
1508	2669
1509	2671
1510	2673
1511	2675
1512	2676
1513	2682
1514	2683
1515	2687
1516	2689
1517	2692
1518	2696
1519	2698
1520	2704
1521	2712
1522	2714
1523	2719
1524	2720
1525	2730
1526	2732
1527	2734
1528	2740
1529	2751
1530	2755
1531	2765
1532	2772
1533	2774
1534	2775
1535	2786
1536	2789
1537	2795
1538	2799
1539	2802
1540	2804
1541	13909
1542	2815
1543	2818
1544	2819
1545	2825
1546	2828
1547	2833
1548	2835
1549	2837
1550	2839
1551	2842
1552	2844
1553	2846
1554	2850
1555	2858
1556	2863
1557	2874
1558	2876
1559	2880
1560	2881
1561	2884
1562	2889
1563	2893
1564	2894
1565	2896
1566	2897
1567	2898
1568	2900
1569	2904
1570	2906
1571	2908
1572	2918
1573	2921
1574	2934
1575	2941
1576	2943
1577	2944
1578	14559
1579	2958
1580	2962
1581	2967
1582	2968
1583	2976
1584	2988
1585	2990
1586	2997
1587	3017
1588	3019
1589	3024
1590	3027
1591	3028
1592	3030
1593	3039
1594	3040
1595	3041
1596	3060
1597	3068
1598	3072
1599	3080
1600	3082
1601	3086
1602	3087
1603	3090
1604	3091
1605	3092
1606	3096
1607	9714
1608	3101
1609	3106
1610	3112
1611	3113
1612	3114
1613	3116
1614	3139
1615	3143
1616	3146
1617	3153
1618	3159
1619	3165
1620	3180
1621	3185
1622	3193
1623	3202
1624	3205
1625	3208
1626	3209
1627	3211
1628	3213
1629	3214
1630	3219
1631	3226
1632	3229
1633	3235
1634	3242
1635	14879
1636	3247
1637	3253
1638	3254
1639	3263
1640	3264
1641	3267
1642	3272
1643	3273
1644	3275
1645	3278
1646	3279
1647	3281
1648	3287
1649	3299
1650	3308
1651	3309
1652	3325
1653	3328
1654	3330
1655	3336
1656	3339
1657	3348
1658	3357
1659	3364
1660	3366
1661	3376
1662	3386
1663	3391
1664	3402
1665	3404
1666	3408
1667	3412
1668	3414
1669	3422
1670	3433
1671	3434
1672	3435
1673	3436
1674	3437
1675	3439
1676	3443
1677	3445
1678	3448
1679	3449
1680	3452
1681	3453
1682	3454
1683	3457
1684	3458
1685	3464
1686	3468
1687	3472
1688	3486
1689	3495
1690	3497
1691	3502
1692	3507
1693	3508
1694	3526
1695	3535
1696	3540
1697	3544
1698	3547
1699	3549
1700	3555
1701	3556
1702	3568
1703	9840
1704	3576
1705	3577
1706	3578
1707	3579
1708	3580
1709	3589
1710	3601
1711	3604
1712	3612
1713	3613
1714	3618
1715	3641
1716	3644
1717	3645
1718	3652
1719	3653
1720	3655
1721	3659
1722	3674
1723	3675
1724	3677
1725	3702
1726	3710
1727	3723
1728	3741
1729	3748
1730	3757
1731	3760
1732	3768
1733	3799
1734	3804
1735	3808
1736	3809
1737	3813
1738	3824
1739	3825
1740	3845
1741	3864
1742	3865
1743	3874
1744	3878
1745	3890
1746	3892
1747	3893
1748	3895
1749	3897
1750	3905
1751	3914
1752	3923
1753	3924
1754	3940
1755	3942
1756	3957
1757	3958
1758	3959
1759	3968
1760	3987
1761	3990
1762	3993
1763	4005
1764	4010
1765	4011
1766	4025
1767	4027
1768	4029
1769	4032
1770	4038
1771	4044
1772	4045
1773	4052
1774	4069
1775	4071
1776	4073
1777	4088
1778	4091
1779	4104
1780	4109
1781	4111
1782	4121
1783	4126
1784	4191
1785	4203
1786	4205
1787	4211
1788	4256
1789	4266
1790	4267
1791	4276
1792	4284
1793	4286
1794	4287
1795	4295
1796	4301
1797	10021
1798	4308
1799	4320
1800	4331
1801	4337
1802	4348
1803	4385
1804	4391
1805	4396
1806	4399
1807	4407
1808	4412
1809	4417
1810	4439
1811	4442
1812	4476
1813	4485
1814	4492
1815	4499
1816	4504
1817	4528
1818	4529
1819	4562
1820	4570
1821	4571
1822	4600
1823	4603
1824	4604
1825	4605
1826	4608
1827	4610
1828	4621
1829	4628
1830	4632
1831	4652
1832	4677
1833	4694
1834	4696
1835	4697
1836	4711
1837	4724
1838	4734
1839	4746
1840	4758
1841	4759
1842	4761
1843	4778
1844	4801
1845	4804
1846	4805
1847	4823
1848	4824
1849	4845
1850	4849
1851	4858
1852	4859
1853	4860
1854	4863
1855	4864
1856	4888
1857	4893
1858	4894
1859	4899
1860	4906
1861	4913
1862	4936
1863	4956
1864	4965
1865	4967
1866	4980
1867	5008
1868	5019
1869	5031
1870	5054
1871	15639
1872	5065
1873	10218
1874	5112
1875	5122
1876	5128
1877	5146
1878	5171
1879	5179
1880	5188
1881	5190
1882	5234
1883	5251
1884	5256
1885	5284
1886	5288
1887	5291
1888	5303
1889	5315
1890	5321
1891	5327
1892	5332
1893	5333
1894	5338
1895	5372
1896	5379
1897	5384
1898	5391
1899	5395
1900	5419
1901	5442
1902	5463
1903	5479
1904	5497
1905	5517
1906	5546
1907	5569
1908	5583
1909	5607
1910	5626
1911	5650
1912	5677
1913	5691
1914	5718
1915	5742
1916	5753
1917	5762
1918	9017
1919	5813
1920	5831
1921	5849
1922	5862
1923	5891
1924	5894
1925	5919
1926	5924
1927	5968
1928	5983
1929	5992
1930	5994
1931	6010
1932	6044
1933	6077
1934	10463
1935	6097
1936	6099
1937	6146
1938	6173
1939	6187
1940	6252
1941	6264
1942	6281
1943	6283
1944	6293
1945	6338
1946	6351
1947	6355
1948	6357
1949	6364
1950	6393
1951	6438
1952	6475
1953	9023
1954	6513
1955	6582
1956	6641
1957	6697
1958	6738
1959	6873
1960	6888
1961	6892
1962	6902
1963	6958
1964	7003
1965	7027
1966	7042
1967	7070
1968	7107
1969	7139
1970	7154
1971	7159
1972	7181
1973	7259
1974	7305
1975	7372
1976	7421
1977	10772
1978	7533
1979	7536
1980	7555
1981	7565
1982	7573
1983	7590
1984	7636
1985	7665
1986	7674
1987	7722
1988	7725
1989	7736
1990	7884
1991	7917
1992	7944
1993	8093
1994	8290
1995	8392
1996	8435
1997	8464
1998	8522
1999	11080
