0	2
1	3
2	4
3	5
4	6
5	7
6	8
7	9
8	10
9	11
10	12
11	13
12	14
13	15
14	16
15	17
16	18
17	19
18	20
19	21
20	22
21	23
22	24
23	25
24	26
25	27
26	28
27	29
28	30
29	31
30	32
31	33
32	34
33	35
34	36
35	37
36	38
37	39
38	40
39	41
40	42
41	43
42	44
43	45
44	46
45	47
46	48
47	49
48	50
49	51
50	52
51	53
52	54
53	55
54	56
55	57
56	58
57	59
58	60
59	61
60	62
61	63
62	64
63	65
64	67
65	68
66	69
67	70
68	71
69	72
70	73
71	74
72	75
73	76
74	77
75	78
76	79
77	80
78	81
79	82
80	83
81	84
82	85
83	86
84	87
85	88
86	89
87	90
88	91
89	92
90	93
91	94
92	95
93	96
94	97
95	98
96	99
97	100
98	101
99	102
100	103
101	104
102	105
103	106
104	107
105	108
106	109
107	110
108	111
109	112
110	113
111	114
112	115
113	118
114	119
115	120
116	121
117	122
118	123
119	124
120	125
121	126
122	127
123	128
124	129
125	130
126	132
127	133
128	134
129	135
130	136
131	137
132	138
133	139
134	140
135	141
136	142
137	145
138	146
139	147
140	148
141	150
142	152
143	153
144	154
145	155
146	156
147	157
148	158
149	159
150	160
151	161
152	162
153	163
154	164
155	165
156	166
157	167
158	168
159	169
160	170
161	171
162	172
163	173
164	174
165	175
166	176
167	177
168	178
169	180
170	181
171	182
172	183
173	184
174	185
175	186
176	187
177	188
178	189
179	190
180	191
181	192
182	193
183	194
184	195
185	196
186	197
187	198
188	199
189	200
190	201
191	202
192	203
193	204
194	205
195	206
196	207
197	208
198	209
199	210
200	212
201	213
202	214
203	215
204	217
205	218
206	219
207	220
208	221
209	222
210	223
211	224
212	225
213	226
214	228
215	229
216	230
217	231
218	232
219	233
220	234
221	235
222	236
223	237
224	238
225	239
226	240
227	241
228	242
229	243
230	244
231	245
232	246
233	247
234	248
235	249
236	250
237	251
238	252
239	254
240	255
241	256
242	257
243	258
244	259
245	260
246	262
247	263
248	264
249	265
250	266
251	267
252	268
253	269
254	270
255	271
256	272
257	273
258	274
259	275
260	278
261	279
262	280
263	281
264	282
265	283
266	284
267	285
268	286
269	287
270	288
271	289
272	290
273	291
274	292
275	295
276	296
277	297
278	298
279	299
280	300
281	301
282	302
283	304
284	305
285	307
286	308
287	309
288	311
289	312
290	313
291	314
292	315
293	316
294	317
295	318
296	319
297	320
298	321
299	322
300	323
301	324
302	325
303	327
304	329
305	330
306	331
307	332
308	334
309	335
310	336
311	338
312	340
313	341
314	342
315	343
316	344
317	345
318	346
319	347
320	348
321	349
322	350
323	351
324	352
325	353
326	354
327	355
328	356
329	357
330	358
331	359
332	361
333	362
334	364
335	365
336	366
337	367
338	368
339	369
340	370
341	371
342	372
343	373
344	374
345	375
346	376
347	377
348	378
349	379
350	380
351	383
352	384
353	386
354	388
355	389
356	390
357	392
358	393
359	395
360	396
361	397
362	398
363	400
364	401
365	402
366	403
367	404
368	405
369	408
370	409
371	410
372	411
373	412
374	413
375	414
376	415
377	416
378	417
379	418
380	420
381	421
382	422
383	423
384	424
385	425
386	427
387	429
388	430
389	431
390	433
391	434
392	437
393	438
394	439
395	440
396	443
397	444
398	445
399	446
400	447
401	448
402	450
403	451
404	452
405	453
406	457
407	459
408	460
409	461
410	462
411	464
412	466
413	467
414	469
415	470
416	471
417	472
418	473
419	474
420	475
421	476
422	477
423	478
424	479
425	480
426	481
427	482
428	483
429	484
430	485
431	486
432	487
433	488
434	489
435	490
436	491
437	493
438	494
439	495
440	496
441	497
442	498
443	499
444	500
445	501
446	502
447	503
448	504
449	506
450	509
451	511
452	513
453	515
454	516
455	518
456	519
457	520
458	521
459	524
460	525
461	526
462	527
463	528
464	529
465	530
466	531
467	532
468	533
469	534
470	535
471	536
472	540
473	541
474	542
475	543
476	544
477	545
478	546
479	548
480	549
481	550
482	552
483	553
484	554
485	555
486	556
487	557
488	558
489	559
490	562
491	563
492	565
493	566
494	569
495	570
496	571
497	572
498	573
499	574
500	575
501	576
502	577
503	578
504	580
505	581
506	582
507	583
508	584
509	588
510	590
511	592
512	593
513	595
514	596
515	597
516	598
517	599
518	600
519	602
520	604
521	607
522	608
523	609
524	610
525	611
526	613
527	614
528	615
529	616
530	617
531	618
532	619
533	621
534	622
535	623
536	624
537	625
538	626
539	627
540	628
541	629
542	631
543	632
544	633
545	635
546	636
547	637
548	638
549	640
550	641
551	642
552	643
553	644
554	645
555	647
556	648
557	649
558	650
559	651
560	652
561	655
562	657
563	658
564	659
565	660
566	661
567	662
568	663
569	664
570	665
571	670
572	671
573	672
574	673
575	674
576	675
577	676
578	677
579	678
580	682
581	684
582	685
583	686
584	687
585	688
586	692
587	693
588	695
589	696
590	698
591	701
592	702
593	704
594	9201
595	706
596	707
597	709
598	710
599	712
600	713
601	714
602	715
603	716
604	717
605	719
606	721
607	722
608	723
609	724
610	725
611	728
612	729
613	730
614	731
615	732
616	733
617	734
618	735
619	736
620	737
621	738
622	740
623	741
624	743
625	744
626	745
627	746
628	748
629	749
630	750
631	753
632	754
633	756
634	757
635	758
636	762
637	765
638	766
639	767
640	768
641	770
642	771
643	772
644	773
645	775
646	776
647	778
648	779
649	780
650	781
651	783
652	784
653	785
654	786
655	789
656	790
657	792
658	793
659	794
660	795
661	798
662	799
663	800
664	801
665	803
666	804
667	805
668	806
669	807
670	809
671	811
672	812
673	814
674	815
675	817
676	818
677	819
678	820
679	821
680	822
681	825
682	826
683	827
684	828
685	830
686	832
687	833
688	835
689	836
690	838
691	839
692	840
693	841
694	845
695	846
696	848
697	854
698	855
699	856
700	858
701	859
702	860
703	861
704	862
705	864
706	865
707	866
708	868
709	871
710	872
711	875
712	876
713	877
714	878
715	879
716	880
717	882
718	886
719	887
720	888
721	890
722	892
723	893
724	894
725	896
726	897
727	898
728	899
729	900
730	901
731	902
732	903
733	904
734	906
735	907
736	909
737	910
738	911
739	913
740	915
741	916
742	917
743	920
744	921
745	922
746	924
747	927
748	929
749	930
750	931
751	933
752	935
753	936
754	937
755	938
756	939
757	940
758	941
759	943
760	944
761	945
762	946
763	947
764	949
765	950
766	951
767	952
768	955
769	956
770	958
771	959
772	960
773	961
774	962
775	963
776	964
777	965
778	967
779	968
780	969
781	970
782	971
783	972
784	973
785	975
786	976
787	979
788	980
789	983
790	984
791	985
792	986
793	988
794	990
795	991
796	992
797	995
798	996
799	999
800	1000
801	1001
802	1002
803	1003
804	1004
805	1006
806	1007
807	1008
808	1009
809	1010
810	1012
811	1016
812	1017
813	1019
814	1021
815	1022
816	1023
817	1026
818	1027
819	1029
820	1030
821	1031
822	1032
823	1033
824	1034
825	1035
826	1037
827	1038
828	1040
829	1041
830	1042
831	1043
832	1045
833	1048
834	1049
835	1050
836	1051
837	1053
838	1055
839	1056
840	1057
841	1058
842	1059
843	1060
844	1062
845	1064
846	1065
847	1067
848	1070
849	1072
850	1073
851	1077
852	1079
853	1080
854	1081
855	1084
856	1085
857	1087
858	1090
859	1091
860	1092
861	1093
862	1094
863	1095
864	1100
865	1102
866	1104
867	1105
868	1106
869	1107
870	1108
871	1109
872	1110
873	1111
874	1112
875	1113
876	1115
877	1116
878	1117
879	1118
880	1120
881	1121
882	1122
883	1123
884	1124
885	1126
886	1127
887	1132
888	10863
889	1134
890	1135
891	1136
892	1138
893	1139
894	1141
895	1142
896	1143
897	1144
898	1145
899	1146
900	1147
901	1151
902	1153
903	1154
904	1157
905	1158
906	1161
907	1162
908	1163
909	1164
910	1166
911	1168
912	1169
913	1173
914	1176
915	1177
916	1178
917	1181
918	1182
919	1183
920	1184
921	1186
922	1187
923	1191
924	1192
925	1193
926	1194
927	1195
928	1196
929	1197
930	1198
931	1199
932	1200
933	1203
934	1204
935	1208
936	1209
937	1210
938	1213
939	1216
940	1217
941	1219
942	1221
943	1224
944	1226
945	1227
946	1230
947	1231
948	1232
949	1233
950	1237
951	1239
952	1241
953	1242
954	1243
955	1246
956	1248
957	1251
958	1253
959	1254
960	1258
961	1260
962	1262
963	1263
964	1265
965	1267
966	1269
967	1273
968	1274
969	1277
970	1278
971	1280
972	9097
973	1286
974	1288
975	1289
976	1291
977	1294
978	1296
979	1299
980	1301
981	1304
982	1307
983	1308
984	1309
985	1310
986	1311
987	1312
988	1313
989	1314
990	1317
991	1319
992	1321
993	1324
994	1327
995	1329
996	1330
997	1335
998	1337
999	1339
1000	1342
1001	1345
1002	1346
1003	1351
1004	1353
1005	1354
1006	1358
1007	1359
1008	1361
1009	1362
1010	1363
1011	1364
1012	1366
1013	1368
1014	1369
1015	1371
1016	1372
1017	1373
1018	1375
1019	1380
1020	1383
1021	1385
1022	1386
1023	1387
1024	1389
1025	1392
1026	1398
1027	1400
1028	1402
1029	1403
1030	1411
1031	1413
1032	1414
1033	1416
1034	1417
1035	1419
1036	1420
1037	1423
1038	1424
1039	1425
1040	1427
1041	1428
1042	1433
1043	1435
1044	1437
1045	1439
1046	1440
1047	1442
1048	1444
1049	1445
1050	1447
1051	1448
1052	1451
1053	1452
1054	1453
1055	1454
1056	1457
1057	1459
1058	1460
1059	1462
1060	1466
1061	1469
1062	1475
1063	1477
1064	1478
1065	1482
1066	1483
1067	1487
1068	1488
1069	1490
1070	1492
1071	1493
1072	1494
1073	1495
1074	1496
1075	1502
1076	1505
1077	1509
1078	1513
1079	1517
1080	1518
1081	1519
1082	1522
1083	1528
1084	1529
1085	1532
1086	1533
1087	1536
1088	1538
1089	1540
1090	1543
1091	1544
1092	1547
1093	1552
1094	1556
1095	1560
1096	1561
1097	1562
1098	1563
1099	1564
1100	1565
1101	1567
1102	1568
1103	1575
1104	1580
1105	1586
1106	1589
1107	1591
1108	1592
1109	1594
1110	1597
1111	1602
1112	1603
1113	1605
1114	1611
1115	1615
1116	1618
1117	1620
1118	1627
1119	1629
1120	1630
1121	1638
1122	1639
1123	1640
1124	1641
1125	1642
1126	1643
1127	1648
1128	1649
1129	1650
1130	1651
1131	1652
1132	1653
1133	1655
1134	1656
1135	1660
1136	1665
1137	1668
1138	1670
1139	1671
1140	1675
1141	1679
1142	1684
1143	1686
1144	1688
1145	1690
1146	1696
1147	1704
1148	1707
1149	1708
1150	1709
1151	1711
1152	11900
1153	1715
1154	1716
1155	1717
1156	1719
1157	1720
1158	1721
1159	1725
1160	1727
1161	1730
1162	1731
1163	1736
1164	1737
1165	1739
1166	1741
1167	1743
1168	1745
1169	1747
1170	1748
1171	1752
1172	1756
1173	1757
1174	1758
1175	1762
1176	1763
1177	1764
1178	1765
1179	1767
1180	1770
1181	1772
1182	1773
1183	1774
1184	1779
1185	1782
1186	1784
1187	1787
1188	1788
1189	1792
1190	1794
1191	1795
1192	1800
1193	1802
1194	1804
1195	1806
1196	1807
1197	1813
1198	1814
1199	1815
1200	1816
1201	1818
1202	1819
1203	1822
1204	1826
1205	1829
1206	1833
1207	1837
1208	1838
1209	1841
1210	1843
1211	1846
1212	1849
1213	1855
1214	1856
1215	1860
1216	1862
1217	1863
1218	1865
1219	1866
1220	1867
1221	1868
1222	1870
1223	1871
1224	1872
1225	1874
1226	1877
1227	1880
1228	1882
1229	1886
1230	1887
1231	9056
1232	1893
1233	1897
1234	1902
1235	1903
1236	1905
1237	1906
1238	1911
1239	1912
1240	1915
1241	1916
1242	1918
1243	1921
1244	1922
1245	1924
1246	1930
1247	1932
1248	1939
1249	1943
1250	1944
1251	1947
1252	1948
1253	1951
1254	1952
1255	1954
1256	1955
1257	1957
1258	1965
1259	1966
1260	1970
1261	1972
1262	1974
1263	1976
1264	1977
1265	1979
1266	1980
1267	1981
1268	1983
1269	1986
1270	1987
1271	1988
1272	1990
1273	1995
1274	1996
1275	1997
1276	1998
1277	2007
1278	2011
1279	2024
1280	12510
1281	2030
1282	2033
1283	2034
1284	2035
1285	2038
1286	2039
1287	2044
1288	2049
1289	2050
1290	2052
1291	2057
1292	2059
1293	2062
1294	2063
1295	2064
1296	2066
1297	2072
1298	2075
1299	2076
1300	2080
1301	2083
1302	2085
1303	2086
1304	2087
1305	2088
1306	2090
1307	2091
1308	2094
1309	2098
1310	2100
1311	2105
1312	2108
1313	2111
1314	2112
1315	2124
1316	2126
1317	2129
1318	2136
1319	2138
1320	2144
1321	2147
1322	2148
1323	2152
1324	2154
1325	2156
1326	2157
1327	2159
1328	2160
1329	2161
1330	2164
1331	2166
1332	2169
1333	2172
1334	2175
1335	2177
1336	2182
1337	2185
1338	2188
1339	2189
1340	2190
1341	2196
1342	2197
1343	2204
1344	2205
1345	2210
1346	2211
1347	2212
1348	2222
1349	2225
1350	2227
1351	2229
1352	2234
1353	2237
1354	2240
1355	2241
1356	2244
1357	2249
1358	2250
1359	2252
1360	2258
1361	2260
1362	2263
1363	2265
1364	2267
1365	2269
1366	2270
1367	2271
1368	2274
1369	2277
1370	2281
1371	2283
1372	2285
1373	2286
1374	2287
1375	2289
1376	2291
1377	2294
1378	2295
1379	2303
1380	2305
1381	2306
1382	2312
1383	2315
1384	2316
1385	2318
1386	2321
1387	2325
1388	2327
1389	2329
1390	2330
1391	2333
1392	2334
1393	2337
1394	11387
1395	2339
1396	2340
1397	2341
1398	2342
1399	2343
1400	2344
1401	2345
1402	2346
1403	2350
1404	2353
1405	2356
1406	2358
1407	2359
1408	2360
1409	2362
1410	2366
1411	2367
1412	2372
1413	2374
1414	2383
1415	2387
1416	2389
1417	2393
1418	2395
1419	2397
1420	2399
1421	2400
1422	2401
1423	2402
1424	2403
1425	2406
1426	2407
1427	2408
1428	2413
1429	2417
1430	2422
1431	13329
1432	2431
1433	2438
1434	2452
1435	2460
1436	2464
1437	2467
1438	13441
1439	2469
1440	13443
1441	2472
1442	2473
1443	2476
1444	2478
1445	2483
1446	2485
1447	2493
1448	2498
1449	2500
1450	2507
1451	2511
1452	2513
1453	2516
1454	2517
1455	2519
1456	2521
1457	2522
1458	2526
1459	2530
1460	2531
1461	2535
1462	2537
1463	2544
1464	2546
1465	2553
1466	2555
1467	2564
1468	2565
1469	2569
1470	2575
1471	2577
1472	2581
1473	2583
1474	2590
1475	2596
1476	2598
1477	2599
1478	2601
1479	2602
1480	2604
1481	2605
1482	2606
1483	2608
1484	2609
1485	2611
1486	2612
1487	2615
1488	2619
1489	2620
1490	2621
1491	2622
1492	2625
1493	2639
1494	2643
1495	2644
1496	2649
1497	2653
1498	2655
1499	2656
1500	13850
1501	2668
1502	2671
1503	2676
1504	2677
1505	2679
1506	2684
1507	2685
1508	2686
1509	2705
1510	2714
1511	2719
1512	2722
1513	2723
1514	2724
1515	2725
1516	2729
1517	2730
1518	2733
1519	2735
1520	2737
1521	2738
1522	2741
1523	2749
1524	2752
1525	2755
1526	2758
1527	2765
1528	2767
1529	2769
1530	2776
1531	2777
1532	2780
1533	2782
1534	2784
1535	2785
1536	2786
1537	2787
1538	2788
1539	2790
1540	2792
1541	2799
1542	2803
1543	2812
1544	2813
1545	2814
1546	2818
1547	2819
1548	2825
1549	2828
1550	2835
1551	2839
1552	2841
1553	2844
1554	2849
1555	2855
1556	2860
1557	2865
1558	2867
1559	2872
1560	2874
1561	2880
1562	2882
1563	2886
1564	2889
1565	2894
1566	2900
1567	2902
1568	2903
1569	2905
1570	2918
1571	2939
1572	2943
1573	2945
1574	2947
1575	2948
1576	2951
1577	2953
1578	2957
1579	2959
1580	2960
1581	2962
1582	2963
1583	2967
1584	2969
1585	2971
1586	2972
1587	2973
1588	2974
1589	2980
1590	2981
1591	2983
1592	2987
1593	2998
1594	3000
1595	3003
1596	3009
1597	3011
1598	3014
1599	3015
1600	3026
1601	3027
1602	3028
1603	3030
1604	3036
1605	3044
1606	3046
1607	3056
1608	3058
1609	3061
1610	3063
1611	3068
1612	3070
1613	3076
1614	3086
1615	3091
1616	3092
1617	3096
1618	3097
1619	3098
1620	3100
1621	3105
1622	3124
1623	3128
1624	3130
1625	3141
1626	3151
1627	3152
1628	3153
1629	3154
1630	3161
1631	3164
1632	3165
1633	3176
1634	3177
1635	3184
1636	3194
1637	3197
1638	3200
1639	3201
1640	3202
1641	3207
1642	3208
1643	3213
1644	3216
1645	3217
1646	3221
1647	3222
1648	3227
1649	3240
1650	3247
1651	3249
1652	3250
1653	3253
1654	3254
1655	3257
1656	3260
1657	3266
1658	3268
1659	3270
1660	3280
1661	3281
1662	3284
1663	3292
1664	3299
1665	3301
1666	3304
1667	3311
1668	3312
1669	3313
1670	3316
1671	3333
1672	3336
1673	3346
1674	3353
1675	3359
1676	3371
1677	3384
1678	3387
1679	3402
1680	3410
1681	3429
1682	3432
1683	15891
1684	3455
1685	3456
1686	3457
1687	3458
1688	3462
1689	3476
1690	3488
1691	3496
1692	3498
1693	3499
1694	3510
1695	3512
1696	3525
1697	3529
1698	3530
1699	3535
1700	3539
1701	3542
1702	3552
1703	3554
1704	3570
1705	16200
1706	3573
1707	3580
1708	3588
1709	3595
1710	3599
1711	3602
1712	3604
1713	3605
1714	3606
1715	3608
1716	3609
1717	3614
1718	3620
1719	3626
1720	3631
1721	3632
1722	3633
1723	3639
1724	3642
1725	3643
1726	3662
1727	3663
1728	3665
1729	3668
1730	3669
1731	9954
1732	3694
1733	3695
1734	3702
1735	3705
1736	3718
1737	3723
1738	3747
1739	3759
1740	3771
1741	3800
1742	3804
1743	3806
1744	3810
1745	3811
1746	3824
1747	3837
1748	3839
1749	3840
1750	3848
1751	3850
1752	3851
1753	3858
1754	3869
1755	3873
1756	3893
1757	3928
1758	3934
1759	3943
1760	3964
1761	3968
1762	3969
1763	3986
1764	3992
1765	3996
1766	4011
1767	4025
1768	4027
1769	4031
1770	4062
1771	4068
1772	4072
1773	4075
1774	4079
1775	4082
1776	4092
1777	4119
1778	4125
1779	4140
1780	4142
1781	4167
1782	4173
1783	4176
1784	4185
1785	4191
1786	4196
1787	4202
1788	4214
1789	4219
1790	4222
1791	4243
1792	18332
1793	4296
1794	4300
1795	4309
1796	4314
1797	4324
1798	4325
1799	4326
1800	4328
1801	4329
1802	4334
1803	4358
1804	4361
1805	4363
1806	4390
1807	4391
1808	4394
1809	4396
1810	4397
1811	4408
1812	4409
1813	4421
1814	4433
1815	4440
1816	4455
1817	4473
1818	4474
1819	4498
1820	4504
1821	4512
1822	4525
1823	4527
1824	4528
1825	4535
1826	4538
1827	4542
1828	4549
1829	4576
1830	4588
1831	4603
1832	4610
1833	4649
1834	4654
1835	4680
1836	4703
1837	4725
1838	4726
1839	4766
1840	4785
1841	4790
1842	4803
1843	4808
1844	4828
1845	4836
1846	4859
1847	4872
1848	4874
1849	4878
1850	4884
1851	4901
1852	4913
1853	4926
1854	4950
1855	4952
1856	4998
1857	5002
1858	5015
1859	11538
1860	5035
1861	5047
1862	5055
1863	5074
1864	5110
1865	5112
1866	5116
1867	5117
1868	5121
1869	5127
1870	5161
1871	5169
1872	5174
1873	5176
1874	5185
1875	5200
1876	5202
1877	5215
1878	5217
1879	5235
1880	5238
1881	5249
1882	5259
1883	5262
1884	5265
1885	5293
1886	5321
1887	5326
1888	5368
1889	5374
1890	5379
1891	5398
1892	5419
1893	5424
1894	5480
1895	5510
1896	5537
1897	5544
1898	5558
1899	5559
1900	5563
1901	5566
1902	5655
1903	5665
1904	5668
1905	5670
1906	5698
1907	5701
1908	5711
1909	5718
1910	5730
1911	5750
1912	5792
1913	5812
1914	5817
1915	10504
1916	5826
1917	5883
1918	5897
1919	5937
1920	5961
1921	6015
1922	6053
1923	6123
1924	6152
1925	6155
1926	6169
1927	6213
1928	6254
1929	6265
1930	6272
1931	6274
1932	6277
1933	6301
1934	6308
1935	6362
1936	6397
1937	6442
1938	6458
1939	6578
1940	6601
1941	6681
1942	6713
1943	6786
1944	6788
1945	6789
1946	6792
1947	6808
1948	6844
1949	6846
1950	6851
1951	6887
1952	6892
1953	6914
1954	6920
1955	6994
1956	7017
1957	7046
1958	7056
1959	7097
1960	7162
1961	7215
1962	7321
1963	10898
1964	7338
1965	7369
1966	7370
1967	7409
1968	7411
1969	7440
1970	7460
1971	7474
1972	7482
1973	7556
1974	7562
1975	7635
1976	10984
1977	7946
1978	7964
1979	14616
1980	8036
1981	8059
1982	8096
1983	8118
1984	8166
1985	8175
1986	8182
1987	8221
1988	8229
1989	8410
1990	8423
1991	8439
1992	8624
1993	8699
1994	8810
1995	8820
1996	8827
1997	8856
1998	8861
1999	9031
