0	2
1	3
2	4
3	5
4	6
5	7
6	8
7	9
8	10
9	11
10	12
11	13
12	14
13	15
14	16
15	17
16	18
17	19
18	20
19	21
20	22
21	23
22	24
23	25
24	26
25	27
26	28
27	29
28	30
29	31
30	32
31	33
32	34
33	35
34	36
35	37
36	38
37	39
38	40
39	41
40	42
41	43
42	44
43	45
44	46
45	47
46	48
47	49
48	50
49	51
50	52
51	53
52	54
53	55
54	56
55	57
56	58
57	59
58	60
59	61
60	62
61	63
62	64
63	65
64	66
65	67
66	68
67	69
68	70
69	71
70	72
71	73
72	74
73	75
74	76
75	77
76	78
77	79
78	80
79	81
80	82
81	83
82	84
83	85
84	86
85	87
86	88
87	89
88	90
89	91
90	92
91	93
92	94
93	95
94	96
95	97
96	98
97	99
98	100
99	101
100	102
101	103
102	104
103	105
104	106
105	107
106	108
107	109
108	110
109	111
110	112
111	113
112	114
113	115
114	116
115	117
116	118
117	119
118	120
119	121
120	122
121	123
122	124
123	125
124	126
125	127
126	129
127	130
128	131
129	132
130	133
131	134
132	135
133	136
134	137
135	138
136	139
137	140
138	141
139	142
140	143
141	144
142	145
143	146
144	147
145	148
146	149
147	150
148	151
149	152
150	153
151	155
152	156
153	157
154	158
155	9008
156	160
157	161
158	162
159	164
160	165
161	166
162	167
163	168
164	169
165	170
166	171
167	172
168	173
169	174
170	175
171	176
172	179
173	181
174	183
175	184
176	185
177	186
178	187
179	188
180	190
181	191
182	192
183	193
184	194
185	195
186	196
187	197
188	198
189	199
190	200
191	201
192	202
193	203
194	205
195	206
196	207
197	208
198	209
199	210
200	211
201	212
202	213
203	214
204	215
205	216
206	217
207	218
208	219
209	220
210	221
211	222
212	223
213	224
214	225
215	226
216	227
217	228
218	229
219	230
220	231
221	232
222	233
223	235
224	236
225	237
226	238
227	239
228	240
229	241
230	242
231	243
232	244
233	245
234	246
235	247
236	248
237	250
238	251
239	252
240	253
241	254
242	255
243	256
244	258
245	259
246	260
247	261
248	262
249	263
250	264
251	265
252	266
253	267
254	268
255	269
256	270
257	272
258	273
259	275
260	276
261	279
262	280
263	281
264	282
265	283
266	284
267	285
268	286
269	287
270	288
271	289
272	290
273	292
274	294
275	295
276	297
277	298
278	299
279	300
280	301
281	302
282	303
283	304
284	305
285	306
286	307
287	308
288	309
289	310
290	311
291	312
292	313
293	314
294	316
295	317
296	318
297	319
298	320
299	321
300	322
301	323
302	324
303	326
304	327
305	328
306	330
307	331
308	332
309	336
310	337
311	338
312	339
313	340
314	341
315	342
316	343
317	345
318	346
319	347
320	348
321	349
322	350
323	351
324	352
325	353
326	354
327	355
328	356
329	357
330	359
331	360
332	361
333	362
334	363
335	364
336	366
337	367
338	368
339	369
340	370
341	371
342	372
343	373
344	374
345	375
346	376
347	377
348	379
349	381
350	382
351	383
352	386
353	387
354	389
355	392
356	393
357	394
358	395
359	396
360	397
361	398
362	399
363	400
364	401
365	402
366	403
367	404
368	405
369	406
370	408
371	409
372	410
373	411
374	414
375	415
376	416
377	417
378	418
379	419
380	420
381	421
382	423
383	424
384	425
385	426
386	427
387	429
388	431
389	432
390	434
391	435
392	436
393	437
394	438
395	439
396	440
397	441
398	442
399	443
400	444
401	445
402	446
403	448
404	449
405	450
406	451
407	452
408	453
409	454
410	455
411	456
412	457
413	459
414	460
415	461
416	462
417	463
418	464
419	466
420	467
421	468
422	470
423	471
424	472
425	473
426	474
427	475
428	476
429	477
430	478
431	479
432	480
433	482
434	483
435	484
436	485
437	486
438	488
439	489
440	490
441	491
442	492
443	493
444	494
445	495
446	496
447	497
448	499
449	501
450	502
451	504
452	505
453	506
454	507
455	510
456	511
457	512
458	513
459	514
460	515
461	516
462	517
463	520
464	521
465	522
466	524
467	525
468	526
469	530
470	531
471	532
472	533
473	534
474	536
475	537
476	538
477	540
478	542
479	543
480	544
481	545
482	546
483	547
484	549
485	550
486	551
487	552
488	554
489	555
490	556
491	558
492	559
493	560
494	565
495	566
496	567
497	568
498	569
499	570
500	571
501	572
502	573
503	575
504	576
505	578
506	579
507	581
508	582
509	583
510	586
511	587
512	588
513	590
514	591
515	592
516	594
517	597
518	598
519	599
520	600
521	601
522	602
523	603
524	604
525	605
526	607
527	608
528	609
529	610
530	611
531	612
532	613
533	614
534	617
535	618
536	619
537	620
538	621
539	622
540	624
541	625
542	626
543	627
544	628
545	629
546	630
547	631
548	632
549	634
550	635
551	636
552	637
553	638
554	639
555	640
556	641
557	642
558	9914
559	645
560	646
561	648
562	649
563	650
564	651
565	652
566	654
567	655
568	656
569	657
570	658
571	659
572	660
573	661
574	662
575	663
576	664
577	666
578	667
579	669
580	671
581	672
582	673
583	674
584	675
585	676
586	677
587	679
588	681
589	682
590	683
591	684
592	685
593	686
594	689
595	691
596	692
597	693
598	694
599	695
600	697
601	698
602	700
603	702
604	703
605	704
606	705
607	707
608	708
609	710
610	711
611	713
612	714
613	716
614	717
615	719
616	720
617	722
618	723
619	724
620	725
621	726
622	727
623	730
624	731
625	733
626	734
627	737
628	738
629	739
630	740
631	741
632	742
633	743
634	744
635	745
636	746
637	747
638	749
639	750
640	751
641	752
642	754
643	755
644	756
645	757
646	758
647	760
648	761
649	762
650	763
651	764
652	765
653	766
654	770
655	771
656	773
657	774
658	775
659	776
660	777
661	778
662	779
663	781
664	782
665	783
666	786
667	787
668	788
669	791
670	792
671	793
672	796
673	797
674	801
675	802
676	804
677	805
678	807
679	808
680	812
681	813
682	815
683	816
684	818
685	819
686	822
687	823
688	824
689	825
690	827
691	828
692	829
693	830
694	831
695	833
696	834
697	835
698	836
699	837
700	838
701	839
702	841
703	842
704	843
705	844
706	845
707	847
708	850
709	851
710	854
711	855
712	858
713	860
714	861
715	862
716	863
717	864
718	867
719	869
720	870
721	871
722	872
723	873
724	875
725	878
726	879
727	881
728	883
729	884
730	885
731	887
732	889
733	891
734	892
735	893
736	895
737	896
738	898
739	899
740	900
741	902
742	903
743	904
744	906
745	907
746	909
747	912
748	913
749	915
750	918
751	920
752	921
753	922
754	923
755	925
756	926
757	929
758	930
759	932
760	933
761	934
762	936
763	937
764	941
765	942
766	943
767	945
768	946
769	948
770	950
771	954
772	955
773	957
774	960
775	961
776	963
777	964
778	10423
779	967
780	968
781	970
782	971
783	972
784	973
785	975
786	976
787	977
788	978
789	979
790	980
791	982
792	983
793	984
794	986
795	987
796	988
797	989
798	990
799	992
800	993
801	994
802	997
803	999
804	1001
805	1002
806	1003
807	1004
808	1005
809	1008
810	1010
811	1011
812	1012
813	1022
814	1023
815	1026
816	1027
817	1028
818	1029
819	1030
820	1032
821	1034
822	1035
823	1037
824	1039
825	1040
826	1041
827	1042
828	1043
829	1044
830	1046
831	1047
832	1048
833	1050
834	1052
835	1054
836	1055
837	1056
838	1057
839	1060
840	1066
841	1067
842	1068
843	1070
844	1071
845	1072
846	1073
847	1074
848	1075
849	1081
850	1082
851	1083
852	1086
853	1088
854	1089
855	1090
856	1097
857	1098
858	1099
859	1101
860	1102
861	1103
862	1104
863	1105
864	1106
865	1108
866	1109
867	1115
868	1118
869	1119
870	1120
871	1123
872	1128
873	1129
874	1131
875	1132
876	1133
877	1135
878	1138
879	1139
880	1141
881	1142
882	1146
883	1150
884	1151
885	1155
886	1157
887	1158
888	1159
889	1160
890	1162
891	1165
892	1166
893	1167
894	1168
895	1171
896	1172
897	1173
898	1178
899	1180
900	1181
901	1183
902	1184
903	1185
904	1186
905	1188
906	1189
907	1194
908	1195
909	1198
910	1200
911	1201
912	1202
913	1203
914	1204
915	1205
916	1206
917	1207
918	1208
919	1210
920	1211
921	1212
922	1216
923	1218
924	1221
925	1223
926	1225
927	1227
928	1229
929	1230
930	1233
931	1239
932	1240
933	1241
934	1248
935	1249
936	1252
937	1253
938	1254
939	1257
940	1259
941	1261
942	1262
943	1263
944	1264
945	1266
946	1270
947	1274
948	1277
949	1279
950	1281
951	1283
952	1285
953	1287
954	1288
955	1291
956	1294
957	1295
958	1297
959	1299
960	1300
961	1301
962	1304
963	1305
964	1307
965	1309
966	1312
967	1316
968	1318
969	1319
970	1321
971	1324
972	1325
973	1326
974	1330
975	1331
976	1332
977	1335
978	1337
979	1339
980	1344
981	1345
982	1347
983	1348
984	1350
985	1354
986	1356
987	1358
988	1360
989	1362
990	1363
991	1366
992	1373
993	1374
994	1375
995	1377
996	1379
997	1380
998	1383
999	1386
1000	1391
1001	1393
1002	1394
1003	1397
1004	1398
1005	1399
1006	1400
1007	1401
1008	1404
1009	1405
1010	1408
1011	1409
1012	1411
1013	1413
1014	1414
1015	1416
1016	1417
1017	1419
1018	1420
1019	1421
1020	1422
1021	1423
1022	1425
1023	1430
1024	1432
1025	1433
1026	1434
1027	1435
1028	1438
1029	1440
1030	1442
1031	1446
1032	1448
1033	1450
1034	1453
1035	1454
1036	1456
1037	1459
1038	1463
1039	1464
1040	1467
1041	1468
1042	1471
1043	1472
1044	1474
1045	1477
1046	1478
1047	1479
1048	1480
1049	1481
1050	1483
1051	1484
1052	1486
1053	1487
1054	1492
1055	1494
1056	1496
1057	1498
1058	1501
1059	1504
1060	1505
1061	1508
1062	1509
1063	1512
1064	1514
1065	1518
1066	1519
1067	1520
1068	1523
1069	1524
1070	1526
1071	1533
1072	1534
1073	1537
1074	1538
1075	1540
1076	1541
1077	1543
1078	1544
1079	1547
1080	1548
1081	1550
1082	1552
1083	1556
1084	1557
1085	1563
1086	1565
1087	1566
1088	1570
1089	1571
1090	1572
1091	1575
1092	1577
1093	1581
1094	1584
1095	1588
1096	1590
1097	1591
1098	1594
1099	1595
1100	1596
1101	1599
1102	1603
1103	1608
1104	1610
1105	9362
1106	1612
1107	1615
1108	1620
1109	1625
1110	1626
1111	1627
1112	1633
1113	1634
1114	1635
1115	1636
1116	1638
1117	1642
1118	1644
1119	1645
1120	1647
1121	1650
1122	1651
1123	1653
1124	1654
1125	1657
1126	1658
1127	1660
1128	1662
1129	1664
1130	1665
1131	1668
1132	1669
1133	1670
1134	1671
1135	1672
1136	1683
1137	1684
1138	1685
1139	1688
1140	1690
1141	1691
1142	1692
1143	1696
1144	1697
1145	1698
1146	1708
1147	1711
1148	1712
1149	1716
1150	1717
1151	1719
1152	1722
1153	1727
1154	1728
1155	1730
1156	1731
1157	1732
1158	1733
1159	1735
1160	1737
1161	1740
1162	1744
1163	1745
1164	1746
1165	1748
1166	1750
1167	1751
1168	1752
1169	1753
1170	1757
1171	1762
1172	1766
1173	1768
1174	1769
1175	1772
1176	1775
1177	1777
1178	1780
1179	1782
1180	1783
1181	11879
1182	1787
1183	1789
1184	1790
1185	1791
1186	1792
1187	1793
1188	1794
1189	1796
1190	1800
1191	1803
1192	1804
1193	1806
1194	1812
1195	1815
1196	1816
1197	1817
1198	1821
1199	1822
1200	1825
1201	1827
1202	1830
1203	1831
1204	1834
1205	1835
1206	1840
1207	1841
1208	1847
1209	1849
1210	1851
1211	1852
1212	11200
1213	1861
1214	1863
1215	1864
1216	1867
1217	1868
1218	1870
1219	1871
1220	1872
1221	1873
1222	1878
1223	1879
1224	1881
1225	1883
1226	1884
1227	1886
1228	1889
1229	1890
1230	1891
1231	1893
1232	1894
1233	1895
1234	1898
1235	1901
1236	1902
1237	1904
1238	1907
1239	1908
1240	1909
1241	1911
1242	1914
1243	1920
1244	1921
1245	1923
1246	1926
1247	1927
1248	1931
1249	1932
1250	1933
1251	1938
1252	1939
1253	1940
1254	1947
1255	1952
1256	1953
1257	1954
1258	1956
1259	1957
1260	1962
1261	1965
1262	1966
1263	1967
1264	1968
1265	1970
1266	1973
1267	1975
1268	1976
1269	1982
1270	1983
1271	1984
1272	1986
1273	1994
1274	2003
1275	2004
1276	2014
1277	2015
1278	2018
1279	2019
1280	2020
1281	2023
1282	2040
1283	2042
1284	2045
1285	11702
1286	2054
1287	2058
1288	2060
1289	2063
1290	2071
1291	2073
1292	2076
1293	2078
1294	2084
1295	2091
1296	2096
1297	2099
1298	2103
1299	2105
1300	2111
1301	2115
1302	2117
1303	2124
1304	2136
1305	2139
1306	2143
1307	2145
1308	2146
1309	2147
1310	2149
1311	2152
1312	2160
1313	2167
1314	2170
1315	2174
1316	2175
1317	2178
1318	2179
1319	2183
1320	2185
1321	2186
1322	2189
1323	2192
1324	2196
1325	2199
1326	2201
1327	2205
1328	2210
1329	2211
1330	2214
1331	2215
1332	2221
1333	2226
1334	2233
1335	2234
1336	2235
1337	2237
1338	2238
1339	2240
1340	2245
1341	2247
1342	2248
1343	2251
1344	2252
1345	2253
1346	2255
1347	2256
1348	2262
1349	2264
1350	2266
1351	2267
1352	2268
1353	2269
1354	2270
1355	2271
1356	2274
1357	2276
1358	2278
1359	2282
1360	2283
1361	2284
1362	2289
1363	2294
1364	2297
1365	2298
1366	2301
1367	2304
1368	2307
1369	2309
1370	2312
1371	2313
1372	2314
1373	2316
1374	2318
1375	2323
1376	2325
1377	2328
1378	2335
1379	2343
1380	2350
1381	2351
1382	2353
1383	2366
1384	2368
1385	2373
1386	2374
1387	2378
1388	2384
1389	2388
1390	2389
1391	2392
1392	2394
1393	2401
1394	2403
1395	2404
1396	2409
1397	2416
1398	2422
1399	2430
1400	2431
1401	2435
1402	2436
1403	2439
1404	2444
1405	2447
1406	2449
1407	2451
1408	2453
1409	2458
1410	2459
1411	2460
1412	2461
1413	2464
1414	2468
1415	2470
1416	2475
1417	2479
1418	2480
1419	2481
1420	2482
1421	2483
1422	2485
1423	2486
1424	2488
1425	2490
1426	2494
1427	2497
1428	2498
1429	2499
1430	2501
1431	2504
1432	2506
1433	2509
1434	2512
1435	2514
1436	2516
1437	2527
1438	2530
1439	2536
1440	2540
1441	2543
1442	2551
1443	2556
1444	2561
1445	2564
1446	2569
1447	2573
1448	2574
1449	2575
1450	2578
1451	2584
1452	2586
1453	2587
1454	2593
1455	2594
1456	2603
1457	2604
1458	2605
1459	2606
1460	2612
1461	2614
1462	2615
1463	2616
1464	2622
1465	2628
1466	2634
1467	2635
1468	2638
1469	2640
1470	2657
1471	2660
1472	2668
1473	2669
1474	2672
1475	2673
1476	2674
1477	2681
1478	2683
1479	2684
1480	2688
1481	2694
1482	2695
1483	2698
1484	2699
1485	2701
1486	2704
1487	2711
1488	2712
1489	2719
1490	2724
1491	2726
1492	2727
1493	2730
1494	2732
1495	2740
1496	2742
1497	2745
1498	2746
1499	2748
1500	2749
1501	2750
1502	2759
1503	2764
1504	2765
1505	2767
1506	2773
1507	2774
1508	2776
1509	2785
1510	2786
1511	2792
1512	2799
1513	2800
1514	2802
1515	2803
1516	2805
1517	2820
1518	2823
1519	2826
1520	2831
1521	2833
1522	2836
1523	2838
1524	2850
1525	2852
1526	2855
1527	2856
1528	2857
1529	2858
1530	2859
1531	2861
1532	2872
1533	2876
1534	2884
1535	2892
1536	2897
1537	2903
1538	2907
1539	2909
1540	2910
1541	2912
1542	2917
1543	2922
1544	2927
1545	2935
1546	2937
1547	2941
1548	2945
1549	2950
1550	2952
1551	2954
1552	2961
1553	2962
1554	2969
1555	2971
1556	2972
1557	2978
1558	14304
1559	2990
1560	2991
1561	3003
1562	3004
1563	3006
1564	3008
1565	3021
1566	3022
1567	3030
1568	3031
1569	3042
1570	3045
1571	14452
1572	3051
1573	3055
1574	3058
1575	3060
1576	3071
1577	3079
1578	3080
1579	3083
1580	3084
1581	3086
1582	3088
1583	3095
1584	3115
1585	3118
1586	3125
1587	3133
1588	3135
1589	3137
1590	14634
1591	3148
1592	3149
1593	3156
1594	3159
1595	3162
1596	3178
1597	3189
1598	3190
1599	3192
1600	3201
1601	3203
1602	3213
1603	3221
1604	3241
1605	3242
1606	3253
1607	3259
1608	3268
1609	3269
1610	3272
1611	3276
1612	3291
1613	3293
1614	3298
1615	3299
1616	3300
1617	3302
1618	3303
1619	3304
1620	3306
1621	3307
1622	3311
1623	3313
1624	3317
1625	3320
1626	3328
1627	3329
1628	3331
1629	3335
1630	3338
1631	3342
1632	3355
1633	3357
1634	3359
1635	3360
1636	3368
1637	3369
1638	3382
1639	3387
1640	3391
1641	3395
1642	3407
1643	3412
1644	3414
1645	3420
1646	3425
1647	3429
1648	3433
1649	3435
1650	3437
1651	3449
1652	3451
1653	3454
1654	3460
1655	3463
1656	3466
1657	3468
1658	3470
1659	3471
1660	3503
1661	3504
1662	3507
1663	3508
1664	3512
1665	3515
1666	3516
1667	3518
1668	3521
1669	3528
1670	3529
1671	3532
1672	3534
1673	3539
1674	3547
1675	3567
1676	3570
1677	3594
1678	3601
1679	3605
1680	3609
1681	3611
1682	3614
1683	3630
1684	3632
1685	15776
1686	3636
1687	3639
1688	3646
1689	3649
1690	3681
1691	3686
1692	3692
1693	3702
1694	3705
1695	3718
1696	3722
1697	3739
1698	3771
1699	3778
1700	3781
1701	3793
1702	3802
1703	3803
1704	3804
1705	3807
1706	3812
1707	3817
1708	3824
1709	3826
1710	3828
1711	3843
1712	3851
1713	16295
1714	3855
1715	3861
1716	3864
1717	3874
1718	3879
1719	8994
1720	3888
1721	3897
1722	3898
1723	3903
1724	3908
1725	3921
1726	3922
1727	3929
1728	3938
1729	3950
1730	3951
1731	3953
1732	3960
1733	3962
1734	3967
1735	3968
1736	3969
1737	3986
1738	3989
1739	3990
1740	3996
1741	3998
1742	4000
1743	4009
1744	4015
1745	4040
1746	4042
1747	4048
1748	4054
1749	4065
1750	4071
1751	4073
1752	4080
1753	4083
1754	4085
1755	4089
1756	4100
1757	4101
1758	9971
1759	4120
1760	17104
1761	4131
1762	4140
1763	4143
1764	4144
1765	4145
1766	4150
1767	4151
1768	4161
1769	4163
1770	4167
1771	4173
1772	4180
1773	4184
1774	4198
1775	4205
1776	4210
1777	4214
1778	4222
1779	4233
1780	4243
1781	4257
1782	4265
1783	4273
1784	4286
1785	4296
1786	4316
1787	4332
1788	4339
1789	4346
1790	4352
1791	4353
1792	17709
1793	4360
1794	4364
1795	4367
1796	4369
1797	4394
1798	4398
1799	4403
1800	4407
1801	4427
1802	4434
1803	4443
1804	4444
1805	4445
1806	4454
1807	4456
1808	4458
1809	4468
1810	4471
1811	4478
1812	4480
1813	4481
1814	4484
1815	4491
1816	4492
1817	4514
1818	4521
1819	18244
1820	4540
1821	4541
1822	4558
1823	4559
1824	4569
1825	4582
1826	4590
1827	4597
1828	4600
1829	4602
1830	18488
1831	4610
1832	4626
1833	4632
1834	4636
1835	4643
1836	4683
1837	4687
1838	4710
1839	4726
1840	4731
1841	4751
1842	18987
1843	4774
1844	4781
1845	4785
1846	4788
1847	4791
1848	4800
1849	4807
1850	4812
1851	4819
1852	4837
1853	4839
1854	4851
1855	4877
1856	4909
1857	4911
1858	4912
1859	4913
1860	4919
1861	4930
1862	4941
1863	4968
1864	4969
1865	4973
1866	4999
1867	5003
1868	5004
1869	5016
1870	5018
1871	5025
1872	5027
1873	5028
1874	5036
1875	5047
1876	5057
1877	5077
1878	5087
1879	5088
1880	5100
1881	5115
1882	5136
1883	5144
1884	5165
1885	20191
1886	5196
1887	5216
1888	5241
1889	5247
1890	5250
1891	5254
1892	5258
1893	5268
1894	5273
1895	5282
1896	5288
1897	5327
1898	5369
1899	5398
1900	5406
1901	5447
1902	5477
1903	5482
1904	5486
1905	5507
1906	5584
1907	5591
1908	5599
1909	9012
1910	5632
1911	5636
1912	5652
1913	5654
1914	5680
1915	5696
1916	5707
1917	5776
1918	5806
1919	5821
1920	5833
1921	5835
1922	5927
1923	5931
1924	5935
1925	5966
1926	5996
1927	6019
1928	6023
1929	6028
1930	6047
1931	6059
1932	6083
1933	6138
1934	6143
1935	6171
1936	10482
1937	6210
1938	6261
1939	6286
1940	6291
1941	6311
1942	6322
1943	6330
1944	6409
1945	6421
1946	10540
1947	6451
1948	6471
1949	6479
1950	6500
1951	6523
1952	6540
1953	6578
1954	6698
1955	6715
1956	6732
1957	6783
1958	6865
1959	6868
1960	6898
1961	6936
1962	6968
1963	6971
1964	6974
1965	7014
1966	7016
1967	7062
1968	7324
1969	7348
1970	7362
1971	7563
1972	7571
1973	7656
1974	7673
1975	7682
1976	7698
1977	10836
1978	7772
1979	7795
1980	7809
1981	7884
1982	7904
1983	7923
1984	7998
1985	8123
1986	8153
1987	8160
1988	8207
1989	8216
1990	8316
1991	8445
1992	8489
1993	8536
1994	8539
1995	8572
1996	8613
1997	8711
1998	8787
1999	8953
