0	2
1	3
2	4
3	5
4	6
5	7
6	8
7	9
8	10
9	11
10	12
11	13
12	14
13	15
14	16
15	17
16	18
17	19
18	20
19	21
20	22
21	23
22	24
23	25
24	26
25	27
26	28
27	29
28	30
29	31
30	32
31	33
32	34
33	35
34	36
35	37
36	38
37	39
38	40
39	41
40	42
41	43
42	44
43	45
44	46
45	47
46	48
47	49
48	50
49	51
50	52
51	53
52	54
53	55
54	56
55	57
56	58
57	59
58	60
59	61
60	62
61	63
62	64
63	65
64	66
65	67
66	68
67	69
68	70
69	71
70	72
71	73
72	74
73	75
74	76
75	77
76	78
77	79
78	80
79	81
80	82
81	83
82	84
83	85
84	86
85	87
86	88
87	89
88	90
89	91
90	92
91	93
92	94
93	95
94	96
95	97
96	98
97	99
98	100
99	101
100	103
101	104
102	105
103	106
104	107
105	108
106	109
107	110
108	111
109	112
110	113
111	114
112	115
113	116
114	117
115	118
116	119
117	120
118	122
119	123
120	124
121	125
122	126
123	127
124	128
125	129
126	130
127	131
128	132
129	133
130	134
131	135
132	136
133	137
134	138
135	139
136	140
137	142
138	143
139	144
140	145
141	146
142	147
143	148
144	149
145	150
146	151
147	152
148	153
149	154
150	155
151	156
152	158
153	159
154	160
155	161
156	162
157	163
158	164
159	165
160	166
161	167
162	168
163	169
164	170
165	171
166	172
167	174
168	176
169	177
170	178
171	179
172	180
173	181
174	182
175	183
176	184
177	185
178	186
179	187
180	188
181	189
182	190
183	191
184	192
185	193
186	194
187	195
188	196
189	197
190	198
191	199
192	200
193	201
194	202
195	203
196	204
197	205
198	206
199	207
200	208
201	209
202	210
203	211
204	212
205	213
206	214
207	215
208	216
209	217
210	219
211	220
212	221
213	222
214	223
215	224
216	225
217	226
218	228
219	229
220	230
221	231
222	233
223	234
224	235
225	236
226	237
227	238
228	239
229	240
230	241
231	242
232	244
233	245
234	246
235	247
236	248
237	249
238	250
239	251
240	252
241	253
242	254
243	255
244	257
245	258
246	259
247	261
248	262
249	263
250	265
251	266
252	268
253	269
254	270
255	271
256	272
257	273
258	275
259	276
260	277
261	279
262	280
263	281
264	282
265	283
266	284
267	286
268	287
269	288
270	290
271	291
272	292
273	294
274	295
275	296
276	297
277	298
278	300
279	301
280	303
281	304
282	305
283	306
284	307
285	308
286	310
287	312
288	313
289	314
290	315
291	318
292	320
293	321
294	324
295	325
296	326
297	327
298	328
299	329
300	330
301	332
302	333
303	334
304	335
305	336
306	337
307	338
308	339
309	340
310	341
311	342
312	343
313	344
314	345
315	346
316	347
317	348
318	349
319	351
320	352
321	353
322	354
323	355
324	356
325	358
326	359
327	360
328	361
329	363
330	364
331	365
332	366
333	368
334	369
335	370
336	371
337	372
338	373
339	374
340	375
341	376
342	377
343	378
344	382
345	383
346	384
347	385
348	386
349	387
350	388
351	389
352	390
353	391
354	392
355	395
356	398
357	399
358	400
359	401
360	402
361	403
362	404
363	405
364	406
365	407
366	408
367	409
368	410
369	411
370	412
371	413
372	416
373	418
374	419
375	420
376	421
377	422
378	424
379	425
380	426
381	427
382	428
383	430
384	432
385	433
386	434
387	435
388	436
389	437
390	438
391	439
392	440
393	441
394	442
395	443
396	445
397	449
398	450
399	451
400	452
401	453
402	455
403	456
404	457
405	458
406	460
407	462
408	463
409	464
410	465
411	466
412	467
413	468
414	469
415	470
416	472
417	474
418	476
419	477
420	480
421	481
422	482
423	483
424	484
425	485
426	486
427	487
428	488
429	489
430	490
431	491
432	493
433	494
434	495
435	496
436	497
437	498
438	499
439	500
440	501
441	502
442	503
443	505
444	506
445	507
446	508
447	509
448	511
449	512
450	513
451	514
452	515
453	516
454	517
455	518
456	519
457	520
458	521
459	522
460	523
461	525
462	526
463	527
464	528
465	529
466	530
467	531
468	532
469	533
470	535
471	536
472	537
473	539
474	540
475	541
476	542
477	543
478	544
479	545
480	546
481	547
482	548
483	550
484	552
485	553
486	554
487	555
488	556
489	560
490	561
491	563
492	564
493	565
494	567
495	568
496	569
497	570
498	571
499	572
500	574
501	575
502	576
503	577
504	578
505	580
506	581
507	582
508	584
509	585
510	586
511	587
512	588
513	589
514	590
515	592
516	593
517	595
518	596
519	597
520	602
521	603
522	604
523	607
524	608
525	609
526	610
527	611
528	612
529	614
530	615
531	616
532	617
533	618
534	619
535	620
536	621
537	622
538	624
539	625
540	626
541	628
542	629
543	630
544	631
545	632
546	633
547	634
548	635
549	636
550	637
551	638
552	639
553	640
554	641
555	642
556	643
557	644
558	645
559	646
560	647
561	648
562	651
563	654
564	655
565	656
566	658
567	660
568	661
569	662
570	663
571	664
572	665
573	666
574	667
575	668
576	669
577	670
578	671
579	672
580	674
581	675
582	676
583	10093
584	679
585	680
586	681
587	682
588	684
589	686
590	687
591	688
592	690
593	691
594	692
595	693
596	695
597	698
598	700
599	701
600	702
601	703
602	704
603	706
604	707
605	710
606	711
607	712
608	713
609	714
610	715
611	716
612	717
613	718
614	719
615	720
616	721
617	723
618	724
619	726
620	728
621	729
622	731
623	733
624	734
625	736
626	737
627	738
628	739
629	740
630	741
631	743
632	744
633	745
634	746
635	747
636	748
637	750
638	753
639	755
640	757
641	760
642	763
643	764
644	765
645	766
646	768
647	769
648	770
649	771
650	773
651	774
652	775
653	776
654	777
655	778
656	779
657	781
658	782
659	783
660	784
661	785
662	786
663	787
664	790
665	791
666	792
667	794
668	795
669	796
670	797
671	798
672	799
673	800
674	803
675	804
676	806
677	807
678	808
679	809
680	810
681	812
682	815
683	817
684	818
685	823
686	826
687	827
688	828
689	830
690	831
691	833
692	835
693	836
694	839
695	840
696	843
697	844
698	845
699	846
700	847
701	848
702	849
703	850
704	851
705	853
706	856
707	857
708	858
709	859
710	860
711	9258
712	863
713	864
714	865
715	866
716	867
717	868
718	869
719	870
720	871
721	872
722	874
723	875
724	876
725	877
726	878
727	879
728	880
729	881
730	882
731	884
732	885
733	886
734	888
735	892
736	893
737	895
738	896
739	898
740	899
741	902
742	904
743	905
744	906
745	907
746	909
747	910
748	912
749	914
750	915
751	916
752	917
753	921
754	922
755	923
756	925
757	929
758	930
759	932
760	933
761	934
762	935
763	936
764	937
765	938
766	939
767	940
768	941
769	944
770	947
771	949
772	950
773	953
774	954
775	955
776	956
777	957
778	959
779	960
780	962
781	963
782	964
783	966
784	967
785	968
786	969
787	970
788	972
789	973
790	974
791	975
792	976
793	979
794	980
795	981
796	983
797	984
798	985
799	986
800	988
801	989
802	990
803	991
804	993
805	994
806	995
807	996
808	997
809	998
810	999
811	1000
812	1001
813	1002
814	1003
815	1004
816	1006
817	1007
818	1008
819	1009
820	1012
821	1013
822	1014
823	1017
824	1019
825	1021
826	1022
827	1023
828	1024
829	1026
830	1027
831	1029
832	1030
833	1031
834	1032
835	1033
836	1035
837	1037
838	1039
839	1040
840	1041
841	1042
842	1048
843	1049
844	1052
845	1053
846	1056
847	1058
848	1060
849	1061
850	1066
851	1068
852	1069
853	1070
854	1071
855	1075
856	1076
857	1081
858	1083
859	1084
860	1086
861	1087
862	1089
863	1090
864	1091
865	1093
866	1099
867	1100
868	1101
869	1102
870	1103
871	1106
872	1108
873	1109
874	1110
875	1112
876	1113
877	1114
878	1118
879	1119
880	1120
881	1121
882	1122
883	1123
884	1124
885	1125
886	1127
887	1128
888	1129
889	1130
890	1131
891	1135
892	1136
893	1137
894	1138
895	1140
896	1141
897	1143
898	1145
899	1146
900	1147
901	1149
902	1151
903	1152
904	1154
905	1155
906	1156
907	1157
908	1158
909	1160
910	1161
911	1164
912	1165
913	1166
914	1167
915	1169
916	1172
917	1174
918	1175
919	1176
920	1177
921	1179
922	1181
923	1182
924	1184
925	1185
926	1186
927	1187
928	1190
929	10967
930	1196
931	1197
932	1200
933	1201
934	1207
935	1208
936	1209
937	1210
938	1211
939	1212
940	1214
941	1216
942	1218
943	1222
944	1223
945	1226
946	1228
947	1231
948	1232
949	1233
950	1234
951	1237
952	1239
953	1240
954	1241
955	1244
956	1245
957	1247
958	1248
959	1249
960	1250
961	1251
962	1252
963	1255
964	1258
965	1262
966	1267
967	1269
968	1271
969	1272
970	1276
971	1277
972	1278
973	1279
974	1280
975	1282
976	1283
977	1284
978	1287
979	1289
980	1292
981	1293
982	1294
983	1295
984	1296
985	1297
986	1299
987	1302
988	1303
989	1304
990	1307
991	1308
992	1309
993	1310
994	1311
995	1312
996	1315
997	1318
998	1319
999	1320
1000	1322
1001	1326
1002	1330
1003	1331
1004	1338
1005	1341
1006	1342
1007	1343
1008	1348
1009	1350
1010	1353
1011	1355
1012	1356
1013	1357
1014	1358
1015	1360
1016	1361
1017	1363
1018	1364
1019	1373
1020	1375
1021	1376
1022	1377
1023	1378
1024	1379
1025	9516
1026	1382
1027	1384
1028	1385
1029	1386
1030	1392
1031	1393
1032	1395
1033	1397
1034	1398
1035	1400
1036	1401
1037	1402
1038	1405
1039	1407
1040	1409
1041	1410
1042	1411
1043	1413
1044	1414
1045	1419
1046	1421
1047	1422
1048	1423
1049	1425
1050	1426
1051	1427
1052	1430
1053	1431
1054	1432
1055	1436
1056	1437
1057	1439
1058	1440
1059	1441
1060	1442
1061	1443
1062	1444
1063	1448
1064	1449
1065	1451
1066	1454
1067	1455
1068	1456
1069	1457
1070	1459
1071	1461
1072	1463
1073	1464
1074	1465
1075	1468
1076	1469
1077	1470
1078	1471
1079	1472
1080	1473
1081	1474
1082	1476
1083	1477
1084	1478
1085	1480
1086	1483
1087	1484
1088	1486
1089	1487
1090	1489
1091	1490
1092	1491
1093	1494
1094	1495
1095	1497
1096	1498
1097	1501
1098	1502
1099	1504
1100	1506
1101	1508
1102	1510
1103	1512
1104	1514
1105	1515
1106	1517
1107	1518
1108	1519
1109	1523
1110	1524
1111	1527
1112	1528
1113	1530
1114	1531
1115	1533
1116	1535
1117	1537
1118	1538
1119	1539
1120	1540
1121	1542
1122	1544
1123	1545
1124	1546
1125	1550
1126	1556
1127	1558
1128	1559
1129	1561
1130	1566
1131	1567
1132	1569
1133	1571
1134	1574
1135	1578
1136	1580
1137	1581
1138	1582
1139	1584
1140	1586
1141	1587
1142	1590
1143	1591
1144	1592
1145	1593
1146	1594
1147	1602
1148	1607
1149	1609
1150	1612
1151	1614
1152	1615
1153	1616
1154	1617
1155	1620
1156	1622
1157	1628
1158	1629
1159	1630
1160	1633
1161	1635
1162	1636
1163	1642
1164	1644
1165	1651
1166	1655
1167	1656
1168	1659
1169	1660
1170	1666
1171	1668
1172	1671
1173	1672
1174	1673
1175	1674
1176	1677
1177	1684
1178	1687
1179	1689
1180	1694
1181	1695
1182	1698
1183	1699
1184	1702
1185	1705
1186	1707
1187	1713
1188	1715
1189	1718
1190	1720
1191	1722
1192	1723
1193	1725
1194	1726
1195	1730
1196	1732
1197	1734
1198	1735
1199	1736
1200	1744
1201	1750
1202	1751
1203	1753
1204	1755
1205	1756
1206	1758
1207	1759
1208	1760
1209	1762
1210	1763
1211	1767
1212	1768
1213	1769
1214	9046
1215	1774
1216	1775
1217	1776
1218	1778
1219	1781
1220	1782
1221	1783
1222	1785
1223	1787
1224	1788
1225	1789
1226	1792
1227	1793
1228	1795
1229	1797
1230	1800
1231	1801
1232	1803
1233	1804
1234	1805
1235	1806
1236	1808
1237	1812
1238	1820
1239	1821
1240	1822
1241	1826
1242	1835
1243	1837
1244	1839
1245	1841
1246	1842
1247	1843
1248	1844
1249	1849
1250	1855
1251	1858
1252	1859
1253	1860
1254	1861
1255	1863
1256	1865
1257	1866
1258	1872
1259	1874
1260	1877
1261	1879
1262	1880
1263	1882
1264	1883
1265	1884
1266	1887
1267	1888
1268	1891
1269	1895
1270	1896
1271	1897
1272	1901
1273	1904
1274	1906
1275	1907
1276	1909
1277	1913
1278	1914
1279	1915
1280	1918
1281	1919
1282	1923
1283	1924
1284	1927
1285	1930
1286	1931
1287	1936
1288	1941
1289	1945
1290	1947
1291	1949
1292	1955
1293	1956
1294	1957
1295	1958
1296	1966
1297	1967
1298	1972
1299	1977
1300	1980
1301	1984
1302	1985
1303	1986
1304	1988
1305	1989
1306	1991
1307	1993
1308	1994
1309	1995
1310	2003
1311	2004
1312	2005
1313	2010
1314	2011
1315	2013
1316	2022
1317	2024
1318	2025
1319	2026
1320	2029
1321	2032
1322	2037
1323	2040
1324	2041
1325	2044
1326	2045
1327	2046
1328	2048
1329	2053
1330	2056
1331	2059
1332	2060
1333	2061
1334	2065
1335	2068
1336	2072
1337	2073
1338	2074
1339	2077
1340	2080
1341	2082
1342	2084
1343	2086
1344	2087
1345	2088
1346	2089
1347	2091
1348	2092
1349	2096
1350	2101
1351	2103
1352	2107
1353	2109
1354	2115
1355	2116
1356	2121
1357	2124
1358	2128
1359	2129
1360	2131
1361	2132
1362	2137
1363	2140
1364	2141
1365	2145
1366	2147
1367	2148
1368	2155
1369	2159
1370	2160
1371	2171
1372	2172
1373	2173
1374	2174
1375	2176
1376	2177
1377	2181
1378	2182
1379	2185
1380	2187
1381	2188
1382	2190
1383	2195
1384	2198
1385	2199
1386	2204
1387	2208
1388	2209
1389	2211
1390	2223
1391	2225
1392	2235
1393	2240
1394	2242
1395	2248
1396	2249
1397	2250
1398	2253
1399	2255
1400	2257
1401	2258
1402	2259
1403	2261
1404	2262
1405	2270
1406	2271
1407	2274
1408	2279
1409	2283
1410	2284
1411	2290
1412	2291
1413	2292
1414	2293
1415	2296
1416	2301
1417	2303
1418	2305
1419	2308
1420	2312
1421	2314
1422	2315
1423	2318
1424	2320
1425	2321
1426	2322
1427	2325
1428	2327
1429	2329
1430	2338
1431	2339
1432	2341
1433	2345
1434	2347
1435	2348
1436	2349
1437	2356
1438	2366
1439	2374
1440	2375
1441	2377
1442	2378
1443	2379
1444	2383
1445	2386
1446	2392
1447	2393
1448	2394
1449	2395
1450	2397
1451	2401
1452	2407
1453	2408
1454	2410
1455	2411
1456	2413
1457	2416
1458	2423
1459	2427
1460	2428
1461	2432
1462	2434
1463	2437
1464	2438
1465	2442
1466	2443
1467	2446
1468	2447
1469	2449
1470	2451
1471	2457
1472	2458
1473	2459
1474	2461
1475	2462
1476	2466
1477	2468
1478	2469
1479	2470
1480	2472
1481	2473
1482	2477
1483	2481
1484	2485
1485	2488
1486	2493
1487	2495
1488	2496
1489	2499
1490	2500
1491	2512
1492	2516
1493	2517
1494	2522
1495	2527
1496	2532
1497	2536
1498	2555
1499	2556
1500	2558
1501	2559
1502	2562
1503	2565
1504	2568
1505	2583
1506	2584
1507	2586
1508	2589
1509	2595
1510	2599
1511	2602
1512	2603
1513	2604
1514	2610
1515	2614
1516	2616
1517	2618
1518	2620
1519	13843
1520	2650
1521	2656
1522	2660
1523	2663
1524	2664
1525	2671
1526	2674
1527	2677
1528	2682
1529	2686
1530	2687
1531	2692
1532	2695
1533	2708
1534	2709
1535	2711
1536	2714
1537	2719
1538	2726
1539	2727
1540	2734
1541	2740
1542	2742
1543	2747
1544	2749
1545	2751
1546	2753
1547	2762
1548	2767
1549	2769
1550	2772
1551	2775
1552	2777
1553	2778
1554	2779
1555	2781
1556	2788
1557	2791
1558	2798
1559	2809
1560	2811
1561	2813
1562	2819
1563	2825
1564	2826
1565	2832
1566	2835
1567	2837
1568	2848
1569	2859
1570	2860
1571	2865
1572	2868
1573	2873
1574	2876
1575	2879
1576	2881
1577	2883
1578	2887
1579	2888
1580	2893
1581	2894
1582	2898
1583	2899
1584	2906
1585	2907
1586	2912
1587	2915
1588	2916
1589	2936
1590	2943
1591	2944
1592	2947
1593	2952
1594	2954
1595	2956
1596	2957
1597	2959
1598	2962
1599	2965
1600	2970
1601	2973
1602	2974
1603	2975
1604	2977
1605	2978
1606	2983
1607	2988
1608	2989
1609	2992
1610	2999
1611	3006
1612	3009
1613	3016
1614	3026
1615	3034
1616	3045
1617	3054
1618	3055
1619	3060
1620	11458
1621	3066
1622	3068
1623	3086
1624	3089
1625	3091
1626	3095
1627	3096
1628	3100
1629	3103
1630	14974
1631	3105
1632	3112
1633	3113
1634	3114
1635	3115
1636	3117
1637	3129
1638	3133
1639	3143
1640	3144
1641	3147
1642	3161
1643	3171
1644	3172
1645	3182
1646	3188
1647	3195
1648	3203
1649	3206
1650	3208
1651	3211
1652	3218
1653	3225
1654	3233
1655	3239
1656	3240
1657	3244
1658	3263
1659	3267
1660	3270
1661	3278
1662	3284
1663	3289
1664	3290
1665	3294
1666	3297
1667	3301
1668	3302
1669	3305
1670	3307
1671	3309
1672	3313
1673	3325
1674	3330
1675	3333
1676	3335
1677	3341
1678	3352
1679	3357
1680	3360
1681	3362
1682	3376
1683	3382
1684	3384
1685	3385
1686	3390
1687	3392
1688	3396
1689	3401
1690	3403
1691	3419
1692	3420
1693	3421
1694	3426
1695	3438
1696	3446
1697	3451
1698	3452
1699	3456
1700	3459
1701	3465
1702	3467
1703	3471
1704	12372
1705	3485
1706	3497
1707	3501
1708	3504
1709	3509
1710	3516
1711	3519
1712	3527
1713	3534
1714	3539
1715	3546
1716	3548
1717	3550
1718	3558
1719	3560
1720	3576
1721	3577
1722	3581
1723	3583
1724	3585
1725	3590
1726	3595
1727	3602
1728	3607
1729	16381
1730	3660
1731	3662
1732	3674
1733	3676
1734	3696
1735	3701
1736	9996
1737	3709
1738	3711
1739	3713
1740	3718
1741	3722
1742	3723
1743	3728
1744	3731
1745	3732
1746	3745
1747	3751
1748	3752
1749	3760
1750	3782
1751	3792
1752	3813
1753	3817
1754	3831
1755	3843
1756	3848
1757	3857
1758	3858
1759	3860
1760	3871
1761	3889
1762	3907
1763	3912
1764	3928
1765	3933
1766	3942
1767	3963
1768	3964
1769	3970
1770	3971
1771	3975
1772	3977
1773	3985
1774	3992
1775	3994
1776	4000
1777	4014
1778	4022
1779	4027
1780	4035
1781	4045
1782	4050
1783	4087
1784	4088
1785	4119
1786	4129
1787	4134
1788	4140
1789	4154
1790	4155
1791	4156
1792	4157
1793	4158
1794	4184
1795	4195
1796	4196
1797	4199
1798	4200
1799	4207
1800	4221
1801	4235
1802	4249
1803	18250
1804	4261
1805	4273
1806	4293
1807	4299
1808	4302
1809	4305
1810	4310
1811	4317
1812	4322
1813	10152
1814	4347
1815	4352
1816	4361
1817	4367
1818	4380
1819	4389
1820	4395
1821	4398
1822	4407
1823	4422
1824	4437
1825	4493
1826	4497
1827	4505
1828	12756
1829	4558
1830	4583
1831	4585
1832	4610
1833	4621
1834	4642
1835	4644
1836	4662
1837	4666
1838	4699
1839	4716
1840	4723
1841	4725
1842	4726
1843	4735
1844	4753
1845	4790
1846	4792
1847	4794
1848	4801
1849	4804
1850	4824
1851	4832
1852	4838
1853	4839
1854	4845
1855	4857
1856	4863
1857	4870
1858	4878
1859	4883
1860	4892
1861	4903
1862	4934
1863	4955
1864	4964
1865	4996
1866	5017
1867	5025
1868	5031
1869	5035
1870	5055
1871	5066
1872	5070
1873	5076
1874	5086
1875	5087
1876	5093
1877	5096
1878	5097
1879	5121
1880	5149
1881	5165
1882	5181
1883	5184
1884	5194
1885	5196
1886	5215
1887	5230
1888	5239
1889	5246
1890	5269
1891	5290
1892	5307
1893	5324
1894	5345
1895	5349
1896	5357
1897	5371
1898	5391
1899	5398
1900	13042
1901	5469
1902	5478
1903	5483
1904	5507
1905	5525
1906	5543
1907	5557
1908	5602
1909	5643
1910	5646
1911	5647
1912	5651
1913	5663
1914	5665
1915	5710
1916	5766
1917	5795
1918	5806
1919	5843
1920	5857
1921	5859
1922	5866
1923	5881
1924	5946
1925	5955
1926	5992
1927	6033
1928	9316
1929	6108
1930	6116
1931	6119
1932	6131
1933	6157
1934	6194
1935	6212
1936	6291
1937	6296
1938	6311
1939	6323
1940	6336
1941	6379
1942	10687
1943	6408
1944	6419
1945	6472
1946	6481
1947	6538
1948	6543
1949	6547
1950	6633
1951	6696
1952	6753
1953	6767
1954	6772
1955	6812
1956	6931
1957	7008
1958	7154
1959	7174
1960	7184
1961	7195
1962	7200
1963	7203
1964	7305
1965	7322
1966	7335
1967	7362
1968	7380
1969	7434
1970	7479
1971	7492
1972	7513
1973	7546
1974	7585
1975	7674
1976	7693
1977	7749
1978	7857
1979	8042
1980	8140
1981	9419
1982	8153
1983	8210
1984	8212
1985	8241
1986	8358
1987	8375
1988	8436
1989	8499
1990	8588
1991	8615
1992	8618
1993	8658
1994	8678
1995	8703
1996	8728
1997	8782
1998	8933
1999	9033
