0	2
1	3
2	4
3	5
4	6
5	7
6	8
7	9
8	10
9	11
10	12
11	13
12	14
13	15
14	16
15	17
16	18
17	19
18	20
19	21
20	22
21	23
22	24
23	25
24	26
25	27
26	28
27	29
28	30
29	31
30	32
31	33
32	34
33	35
34	36
35	37
36	38
37	39
38	40
39	41
40	42
41	43
42	44
43	45
44	46
45	47
46	48
47	49
48	50
49	51
50	52
51	53
52	54
53	55
54	56
55	57
56	58
57	59
58	60
59	61
60	62
61	63
62	64
63	65
64	66
65	67
66	68
67	69
68	70
69	71
70	72
71	73
72	74
73	75
74	76
75	77
76	78
77	79
78	80
79	81
80	82
81	83
82	84
83	85
84	86
85	87
86	88
87	89
88	90
89	91
90	92
91	93
92	94
93	95
94	96
95	97
96	98
97	99
98	100
99	101
100	102
101	103
102	105
103	106
104	107
105	108
106	109
107	110
108	111
109	112
110	113
111	114
112	115
113	116
114	117
115	118
116	119
117	120
118	121
119	124
120	126
121	127
122	128
123	129
124	130
125	131
126	132
127	133
128	134
129	135
130	136
131	137
132	138
133	139
134	140
135	141
136	142
137	143
138	144
139	145
140	146
141	147
142	148
143	149
144	150
145	151
146	152
147	153
148	154
149	155
150	156
151	157
152	158
153	160
154	161
155	162
156	163
157	164
158	165
159	167
160	168
161	169
162	170
163	171
164	172
165	173
166	174
167	175
168	176
169	177
170	178
171	179
172	180
173	181
174	182
175	183
176	184
177	185
178	186
179	187
180	188
181	189
182	190
183	191
184	193
185	194
186	195
187	196
188	197
189	198
190	199
191	200
192	201
193	202
194	203
195	204
196	205
197	206
198	208
199	209
200	210
201	211
202	212
203	213
204	214
205	215
206	216
207	217
208	218
209	219
210	220
211	221
212	223
213	9493
214	225
215	226
216	227
217	228
218	229
219	230
220	231
221	232
222	233
223	9509
224	235
225	236
226	237
227	238
228	239
229	240
230	243
231	245
232	246
233	247
234	248
235	249
236	250
237	251
238	252
239	253
240	254
241	255
242	256
243	257
244	258
245	260
246	261
247	262
248	263
249	264
250	265
251	266
252	267
253	268
254	270
255	271
256	272
257	273
258	274
259	275
260	276
261	277
262	278
263	279
264	280
265	281
266	283
267	284
268	285
269	286
270	287
271	288
272	289
273	290
274	291
275	292
276	293
277	294
278	295
279	296
280	297
281	298
282	299
283	300
284	301
285	302
286	303
287	304
288	306
289	307
290	309
291	310
292	311
293	313
294	314
295	315
296	316
297	317
298	318
299	319
300	320
301	321
302	322
303	323
304	324
305	325
306	326
307	327
308	328
309	329
310	330
311	331
312	332
313	333
314	334
315	335
316	336
317	337
318	338
319	339
320	340
321	341
322	343
323	345
324	346
325	347
326	348
327	349
328	350
329	351
330	352
331	353
332	355
333	356
334	358
335	359
336	360
337	362
338	363
339	364
340	365
341	366
342	367
343	369
344	370
345	371
346	372
347	373
348	374
349	376
350	377
351	378
352	379
353	380
354	381
355	382
356	383
357	384
358	385
359	387
360	388
361	389
362	390
363	391
364	392
365	393
366	394
367	395
368	396
369	397
370	398
371	400
372	401
373	403
374	404
375	405
376	406
377	407
378	408
379	409
380	410
381	411
382	412
383	413
384	414
385	415
386	416
387	417
388	418
389	419
390	420
391	421
392	422
393	423
394	424
395	425
396	426
397	427
398	428
399	430
400	431
401	432
402	433
403	435
404	436
405	437
406	438
407	439
408	440
409	441
410	442
411	444
412	445
413	446
414	447
415	448
416	449
417	450
418	451
419	454
420	456
421	458
422	461
423	462
424	464
425	465
426	466
427	467
428	468
429	470
430	472
431	473
432	475
433	476
434	477
435	478
436	479
437	480
438	481
439	482
440	483
441	484
442	486
443	489
444	490
445	491
446	492
447	493
448	494
449	496
450	498
451	499
452	500
453	501
454	502
455	503
456	504
457	507
458	509
459	510
460	511
461	512
462	513
463	516
464	519
465	521
466	522
467	523
468	524
469	525
470	528
471	529
472	530
473	531
474	533
475	534
476	535
477	536
478	537
479	538
480	539
481	540
482	541
483	542
484	545
485	546
486	547
487	548
488	549
489	550
490	552
491	553
492	554
493	555
494	556
495	558
496	559
497	560
498	561
499	563
500	565
501	568
502	569
503	572
504	573
505	574
506	576
507	577
508	580
509	581
510	582
511	583
512	585
513	586
514	587
515	588
516	592
517	593
518	594
519	595
520	596
521	598
522	599
523	600
524	601
525	602
526	603
527	604
528	605
529	606
530	607
531	608
532	609
533	610
534	611
535	612
536	614
537	615
538	617
539	618
540	619
541	620
542	622
543	624
544	625
545	627
546	628
547	629
548	630
549	632
550	633
551	634
552	635
553	636
554	639
555	640
556	641
557	643
558	645
559	648
560	649
561	650
562	652
563	653
564	654
565	655
566	656
567	657
568	659
569	660
570	661
571	662
572	666
573	667
574	668
575	673
576	674
577	675
578	676
579	677
580	678
581	679
582	680
583	681
584	682
585	683
586	688
587	689
588	690
589	691
590	692
591	695
592	696
593	697
594	699
595	701
596	702
597	704
598	707
599	709
600	710
601	712
602	713
603	714
604	716
605	717
606	718
607	720
608	721
609	722
610	723
611	724
612	725
613	727
614	730
615	731
616	733
617	734
618	737
619	739
620	740
621	741
622	743
623	746
624	747
625	748
626	749
627	750
628	751
629	752
630	753
631	754
632	756
633	757
634	758
635	759
636	760
637	761
638	762
639	767
640	771
641	775
642	777
643	779
644	780
645	784
646	788
647	789
648	790
649	791
650	792
651	793
652	795
653	797
654	799
655	801
656	802
657	804
658	806
659	807
660	808
661	809
662	810
663	812
664	813
665	814
666	815
667	816
668	817
669	819
670	821
671	822
672	823
673	824
674	826
675	827
676	829
677	830
678	831
679	832
680	834
681	835
682	836
683	838
684	840
685	842
686	843
687	844
688	845
689	846
690	848
691	849
692	850
693	851
694	852
695	854
696	855
697	856
698	857
699	859
700	860
701	861
702	862
703	866
704	868
705	869
706	871
707	872
708	874
709	875
710	876
711	877
712	882
713	884
714	887
715	888
716	890
717	10595
718	892
719	893
720	894
721	895
722	897
723	898
724	899
725	902
726	903
727	905
728	907
729	910
730	911
731	912
732	914
733	917
734	918
735	919
736	920
737	921
738	922
739	923
740	925
741	926
742	927
743	928
744	929
745	930
746	931
747	932
748	933
749	934
750	935
751	936
752	937
753	938
754	939
755	942
756	943
757	944
758	945
759	947
760	948
761	949
762	950
763	951
764	955
765	958
766	959
767	961
768	962
769	964
770	968
771	969
772	971
773	973
774	974
775	976
776	977
777	10755
778	980
779	981
780	983
781	984
782	987
783	988
784	990
785	991
786	992
787	993
788	994
789	995
790	996
791	997
792	999
793	1001
794	1002
795	1003
796	1004
797	1005
798	1009
799	1010
800	1011
801	1012
802	1013
803	1014
804	1016
805	1017
806	1018
807	1020
808	1024
809	1026
810	1027
811	1029
812	1030
813	1031
814	1032
815	1033
816	1035
817	1036
818	1041
819	1042
820	1043
821	1044
822	1045
823	1049
824	1050
825	1052
826	1053
827	1054
828	1056
829	1058
830	1059
831	1060
832	1061
833	1062
834	1064
835	1065
836	1066
837	1067
838	1069
839	1071
840	1073
841	1077
842	1079
843	1081
844	1083
845	1085
846	1087
847	1088
848	1090
849	1092
850	1094
851	1095
852	1096
853	1097
854	1098
855	1103
856	1104
857	1107
858	1109
859	1110
860	1111
861	1112
862	1113
863	1114
864	1115
865	1117
866	1119
867	1120
868	1121
869	1124
870	1130
871	1131
872	1132
873	1133
874	1134
875	1135
876	1136
877	1137
878	1142
879	1144
880	1145
881	1146
882	1147
883	1149
884	1150
885	1154
886	1155
887	1156
888	1159
889	1160
890	1161
891	1164
892	11813
893	1166
894	1168
895	1170
896	1171
897	1172
898	1173
899	1175
900	1176
901	1177
902	1178
903	1179
904	1180
905	1182
906	1184
907	1185
908	1189
909	1190
910	1194
911	1195
912	1198
913	1202
914	1205
915	1207
916	1210
917	1212
918	1215
919	1218
920	1219
921	1223
922	1225
923	1226
924	1228
925	1230
926	1231
927	1232
928	1236
929	1237
930	1239
931	1241
932	1242
933	1245
934	1246
935	1247
936	1248
937	1249
938	1250
939	1251
940	1253
941	1255
942	1256
943	1258
944	1261
945	1262
946	1265
947	1266
948	1268
949	1269
950	1270
951	1271
952	1273
953	1274
954	1276
955	1281
956	1282
957	1283
958	1285
959	1287
960	1289
961	1291
962	1292
963	1293
964	1295
965	1296
966	1297
967	1300
968	1301
969	1302
970	1303
971	1304
972	1308
973	1310
974	1314
975	1315
976	1317
977	1318
978	1319
979	1320
980	1321
981	1324
982	1325
983	1327
984	1330
985	1334
986	1338
987	1340
988	1341
989	1342
990	1346
991	1349
992	1350
993	1351
994	1352
995	1353
996	1354
997	1355
998	1357
999	1359
1000	1362
1001	1363
1002	1367
1003	1370
1004	1374
1005	1377
1006	1378
1007	1379
1008	1380
1009	1381
1010	1382
1011	9507
1012	1384
1013	1386
1014	1392
1015	1394
1016	1396
1017	1397
1018	1398
1019	1401
1020	1402
1021	1404
1022	1407
1023	1411
1024	1413
1025	1414
1026	1415
1027	1419
1028	1420
1029	1423
1030	1426
1031	1427
1032	1429
1033	1432
1034	1435
1035	1436
1036	1439
1037	1442
1038	1445
1039	1446
1040	1447
1041	1451
1042	1452
1043	1454
1044	1455
1045	1458
1046	1466
1047	1467
1048	1468
1049	1469
1050	1470
1051	1472
1052	1473
1053	1474
1054	1475
1055	1476
1056	1478
1057	1479
1058	1480
1059	1483
1060	1484
1061	1487
1062	1489
1063	1490
1064	1492
1065	1493
1066	1494
1067	1496
1068	1499
1069	1501
1070	1503
1071	1505
1072	1507
1073	1508
1074	1511
1075	1514
1076	1515
1077	1516
1078	1520
1079	1521
1080	1522
1081	1523
1082	1525
1083	1526
1084	1527
1085	1529
1086	1531
1087	1532
1088	1533
1089	1534
1090	1537
1091	1538
1092	1539
1093	1540
1094	1541
1095	1546
1096	1550
1097	1551
1098	1553
1099	1554
1100	1559
1101	1561
1102	1563
1103	1568
1104	1569
1105	1570
1106	1571
1107	1572
1108	1573
1109	1576
1110	11846
1111	1584
1112	1585
1113	1586
1114	1587
1115	1588
1116	1589
1117	1590
1118	1591
1119	1597
1120	1600
1121	1602
1122	1604
1123	1608
1124	1610
1125	1611
1126	1612
1127	1617
1128	1618
1129	1619
1130	1620
1131	1621
1132	1623
1133	1626
1134	1631
1135	1633
1136	1640
1137	1646
1138	1650
1139	1651
1140	1652
1141	1655
1142	1657
1143	1659
1144	1660
1145	1665
1146	1668
1147	1669
1148	1670
1149	1672
1150	1673
1151	1675
1152	1683
1153	1685
1154	1688
1155	1692
1156	1693
1157	1694
1158	1696
1159	1702
1160	1704
1161	1710
1162	1711
1163	1712
1164	1713
1165	1714
1166	1715
1167	1717
1168	1725
1169	1729
1170	1733
1171	1734
1172	1735
1173	1737
1174	1744
1175	1745
1176	1747
1177	1748
1178	1753
1179	1755
1180	1757
1181	1760
1182	1761
1183	1763
1184	1764
1185	1765
1186	1767
1187	1768
1188	1770
1189	1771
1190	1773
1191	1778
1192	1779
1193	1781
1194	1783
1195	1784
1196	1788
1197	1793
1198	1794
1199	1806
1200	1808
1201	1811
1202	1812
1203	1815
1204	1816
1205	1823
1206	1826
1207	1827
1208	1828
1209	1829
1210	1832
1211	1836
1212	1837
1213	1838
1214	1839
1215	1840
1216	1841
1217	1842
1218	1843
1219	1845
1220	1846
1221	1848
1222	1851
1223	1857
1224	12438
1225	1866
1226	1871
1227	1872
1228	1877
1229	1878
1230	1884
1231	1894
1232	1895
1233	1897
1234	1899
1235	1900
1236	1901
1237	1902
1238	1905
1239	1907
1240	1910
1241	1912
1242	1916
1243	1918
1244	1919
1245	1920
1246	1921
1247	1926
1248	1927
1249	1935
1250	1936
1251	1937
1252	1943
1253	1947
1254	1948
1255	1953
1256	1955
1257	1956
1258	1957
1259	1958
1260	1960
1261	1963
1262	1964
1263	1966
1264	1969
1265	1971
1266	1973
1267	1981
1268	1982
1269	1983
1270	1984
1271	1985
1272	1995
1273	1997
1274	1998
1275	2001
1276	2003
1277	2006
1278	2008
1279	2011
1280	2019
1281	2020
1282	2022
1283	2026
1284	2028
1285	2029
1286	2031
1287	2033
1288	2037
1289	2039
1290	2040
1291	2045
1292	2047
1293	2050
1294	2052
1295	2055
1296	2056
1297	2058
1298	2061
1299	2063
1300	2066
1301	2068
1302	2072
1303	2075
1304	2079
1305	2080
1306	2083
1307	2084
1308	2086
1309	2087
1310	2088
1311	2091
1312	2092
1313	2093
1314	2094
1315	2097
1316	2100
1317	2101
1318	2102
1319	2108
1320	2114
1321	2115
1322	2121
1323	2127
1324	2128
1325	2129
1326	2132
1327	2138
1328	13017
1329	2143
1330	2146
1331	2155
1332	2156
1333	2157
1334	2159
1335	2160
1336	2162
1337	2164
1338	2171
1339	2175
1340	2182
1341	2183
1342	2185
1343	2187
1344	2188
1345	2190
1346	2196
1347	2197
1348	2198
1349	2201
1350	2204
1351	2208
1352	2214
1353	2219
1354	2221
1355	9719
1356	2225
1357	2226
1358	2229
1359	2233
1360	2235
1361	2236
1362	2238
1363	2240
1364	2242
1365	2243
1366	2247
1367	2256
1368	2259
1369	2264
1370	2267
1371	2270
1372	2273
1373	2277
1374	2278
1375	2279
1376	2281
1377	2283
1378	2284
1379	2286
1380	2288
1381	2290
1382	2299
1383	2304
1384	2309
1385	2311
1386	2313
1387	2316
1388	2318
1389	2325
1390	2327
1391	2328
1392	2329
1393	2335
1394	2337
1395	2341
1396	2342
1397	2343
1398	2345
1399	2347
1400	2349
1401	13481
1402	2353
1403	2357
1404	2359
1405	2365
1406	2367
1407	2368
1408	2369
1409	2370
1410	2373
1411	2383
1412	2384
1413	2390
1414	2391
1415	2394
1416	2396
1417	2400
1418	2402
1419	2403
1420	2404
1421	2407
1422	9775
1423	2410
1424	2413
1425	2414
1426	2418
1427	2419
1428	2422
1429	2429
1430	2431
1431	2439
1432	2449
1433	2457
1434	2459
1435	2460
1436	2462
1437	2470
1438	2472
1439	2474
1440	2475
1441	2476
1442	2477
1443	2480
1444	2482
1445	2483
1446	2486
1447	2487
1448	2488
1449	2491
1450	2496
1451	2497
1452	2498
1453	2501
1454	2503
1455	2504
1456	2505
1457	2506
1458	2513
1459	2520
1460	2523
1461	2530
1462	2533
1463	2541
1464	2552
1465	2553
1466	2555
1467	2556
1468	2560
1469	2567
1470	2573
1471	2575
1472	2579
1473	2584
1474	2586
1475	2587
1476	2589
1477	2595
1478	2598
1479	2603
1480	2606
1481	2607
1482	2608
1483	2615
1484	2617
1485	2618
1486	2624
1487	2627
1488	2630
1489	9849
1490	2638
1491	2641
1492	2642
1493	2643
1494	2644
1495	2648
1496	2652
1497	2656
1498	2664
1499	2666
1500	2670
1501	2672
1502	2674
1503	2675
1504	2678
1505	2679
1506	2683
1507	2692
1508	2701
1509	2710
1510	2717
1511	2724
1512	2729
1513	2734
1514	2740
1515	2741
1516	2744
1517	2745
1518	2749
1519	2752
1520	2753
1521	2754
1522	2759
1523	2768
1524	2769
1525	2779
1526	2787
1527	2793
1528	2794
1529	2799
1530	2801
1531	2804
1532	2806
1533	2807
1534	2808
1535	2812
1536	2816
1537	9287
1538	2819
1539	2820
1540	2825
1541	2826
1542	14591
1543	2829
1544	2839
1545	2857
1546	2861
1547	2863
1548	2866
1549	2869
1550	2871
1551	2873
1552	2883
1553	2892
1554	2895
1555	2901
1556	2904
1557	2905
1558	2917
1559	2928
1560	2929
1561	2930
1562	2931
1563	2934
1564	2944
1565	2950
1566	2957
1567	2960
1568	2961
1569	2963
1570	2966
1571	2967
1572	2971
1573	2973
1574	2977
1575	2978
1576	2980
1577	2982
1578	2983
1579	3000
1580	3001
1581	3010
1582	3017
1583	3030
1584	3041
1585	3046
1586	3054
1587	3058
1588	3061
1589	3066
1590	3068
1591	3078
1592	3079
1593	3092
1594	3103
1595	3104
1596	3106
1597	3114
1598	3123
1599	3131
1600	3140
1601	3142
1602	3148
1603	3149
1604	3150
1605	3151
1606	15388
1607	3158
1608	3159
1609	3160
1610	3162
1611	3165
1612	3171
1613	3172
1614	3175
1615	3181
1616	3185
1617	3192
1618	3197
1619	3198
1620	3202
1621	3203
1622	3210
1623	3214
1624	3218
1625	3221
1626	3227
1627	3233
1628	3237
1629	3240
1630	3258
1631	3262
1632	3267
1633	3275
1634	3282
1635	3283
1636	3285
1637	3293
1638	3296
1639	3306
1640	3322
1641	3326
1642	3337
1643	3339
1644	3341
1645	3342
1646	3361
1647	3363
1648	3370
1649	3373
1650	3374
1651	10038
1652	3387
1653	3396
1654	3401
1655	3404
1656	3410
1657	3421
1658	3431
1659	3445
1660	3447
1661	3455
1662	3457
1663	3461
1664	3464
1665	3466
1666	3483
1667	3486
1668	3487
1669	3489
1670	3509
1671	3513
1672	3518
1673	3520
1674	3522
1675	3523
1676	3524
1677	3526
1678	3528
1679	3529
1680	3538
1681	3540
1682	3553
1683	3559
1684	3564
1685	3569
1686	3571
1687	3572
1688	3585
1689	3588
1690	3617
1691	3622
1692	3623
1693	3633
1694	3639
1695	3641
1696	3643
1697	3646
1698	3651
1699	3660
1700	3665
1701	3672
1702	3677
1703	3679
1704	3680
1705	3693
1706	3706
1707	3709
1708	3716
1709	3719
1710	3747
1711	3754
1712	3762
1713	3766
1714	3778
1715	3788
1716	3789
1717	3791
1718	3792
1719	3794
1720	3803
1721	3816
1722	3819
1723	3823
1724	3831
1725	3845
1726	3852
1727	3859
1728	3860
1729	3875
1730	3880
1731	3894
1732	3902
1733	3903
1734	3905
1735	3914
1736	3919
1737	3924
1738	3927
1739	3931
1740	3935
1741	3939
1742	3940
1743	3941
1744	3945
1745	3951
1746	3952
1747	3960
1748	3981
1749	3982
1750	3984
1751	4016
1752	4030
1753	4031
1754	4033
1755	4056
1756	4058
1757	4059
1758	4076
1759	4079
1760	4097
1761	4112
1762	4116
1763	4117
1764	4119
1765	4129
1766	4138
1767	4140
1768	4143
1769	4149
1770	4155
1771	4158
1772	4161
1773	4181
1774	4185
1775	4195
1776	4201
1777	4209
1778	4244
1779	4245
1780	4251
1781	4258
1782	4263
1783	4266
1784	4279
1785	4291
1786	4294
1787	4318
1788	4319
1789	4334
1790	4351
1791	4352
1792	4362
1793	4375
1794	4386
1795	4389
1796	4392
1797	4402
1798	4407
1799	4416
1800	4420
1801	4430
1802	4447
1803	4452
1804	4462
1805	4463
1806	4472
1807	4474
1808	4481
1809	4484
1810	4488
1811	4494
1812	4509
1813	4511
1814	4512
1815	10354
1816	4534
1817	4539
1818	4541
1819	4551
1820	4552
1821	4558
1822	4571
1823	4582
1824	4584
1825	4594
1826	4595
1827	4601
1828	4604
1829	4613
1830	4616
1831	4625
1832	4631
1833	4647
1834	4651
1835	4666
1836	4680
1837	4696
1838	4697
1839	4729
1840	4733
1841	4747
1842	4750
1843	4766
1844	4788
1845	4792
1846	4812
1847	4826
1848	4834
1849	4848
1850	4853
1851	4854
1852	4859
1853	4868
1854	4871
1855	4875
1856	4883
1857	4888
1858	4900
1859	4925
1860	4935
1861	4937
1862	4949
1863	4955
1864	4985
1865	5000
1866	5005
1867	10504
1868	5037
1869	5051
1870	5053
1871	5056
1872	5092
1873	5095
1874	5163
1875	5171
1876	5179
1877	5193
1878	5198
1879	5209
1880	5211
1881	5212
1882	5256
1883	5270
1884	5279
1885	5288
1886	5304
1887	5337
1888	5340
1889	5346
1890	5347
1891	5348
1892	5358
1893	5362
1894	5369
1895	5387
1896	5388
1897	5395
1898	5405
1899	5411
1900	5435
1901	9524
1902	10601
1903	5488
1904	5520
1905	5544
1906	5555
1907	5625
1908	13358
1909	5661
1910	5691
1911	5694
1912	5702
1913	5723
1914	5724
1915	5743
1916	5757
1917	5774
1918	5842
1919	5848
1920	5866
1921	5872
1922	5906
1923	5913
1924	5919
1925	5987
1926	6017
1927	6081
1928	6101
1929	6115
1930	6152
1931	6207
1932	6240
1933	6251
1934	6253
1935	6260
1936	6263
1937	6265
1938	6275
1939	6282
1940	6283
1941	6293
1942	6372
1943	6378
1944	6432
1945	6439
1946	6460
1947	6612
1948	6621
1949	6650
1950	6662
1951	6687
1952	6719
1953	6772
1954	6773
1955	6776
1956	6811
1957	9475
1958	6889
1959	6935
1960	6989
1961	7036
1962	7125
1963	7128
1964	11004
1965	7249
1966	7299
1967	7322
1968	7394
1969	7407
1970	7424
1971	7454
1972	7499
1973	7526
1974	13882
1975	7578
1976	7653
1977	7801
1978	7962
1979	7988
1980	8013
1981	8032
1982	8041
1983	8061
1984	8101
1985	8271
1986	8284
1987	8308
1988	8312
1989	8399
1990	8406
1991	8500
1992	8813
1993	8983
1994	8988
1995	9004
1996	9063
1997	9087
1998	9105
1999	9135
