0	2
1	3
2	4
3	5
4	6
5	7
6	8
7	9
8	10
9	11
10	12
11	13
12	14
13	15
14	16
15	17
16	18
17	19
18	20
19	21
20	22
21	23
22	24
23	25
24	26
25	27
26	28
27	29
28	30
29	31
30	32
31	33
32	34
33	35
34	36
35	37
36	38
37	39
38	40
39	41
40	42
41	43
42	44
43	45
44	46
45	47
46	48
47	49
48	50
49	51
50	52
51	53
52	54
53	55
54	56
55	57
56	58
57	59
58	60
59	61
60	62
61	63
62	64
63	65
64	66
65	67
66	68
67	69
68	70
69	71
70	72
71	73
72	74
73	75
74	76
75	77
76	78
77	79
78	80
79	81
80	82
81	83
82	84
83	85
84	86
85	87
86	88
87	89
88	90
89	91
90	92
91	93
92	94
93	95
94	96
95	97
96	99
97	100
98	101
99	102
100	103
101	104
102	105
103	106
104	107
105	108
106	109
107	110
108	111
109	112
110	113
111	114
112	115
113	116
114	117
115	118
116	120
117	122
118	123
119	124
120	125
121	126
122	127
123	128
124	129
125	130
126	131
127	132
128	133
129	134
130	135
131	136
132	138
133	140
134	141
135	143
136	145
137	146
138	147
139	148
140	149
141	150
142	151
143	152
144	153
145	154
146	155
147	157
148	158
149	159
150	160
151	161
152	162
153	163
154	164
155	165
156	166
157	167
158	168
159	169
160	170
161	171
162	172
163	173
164	174
165	175
166	176
167	177
168	178
169	179
170	180
171	181
172	182
173	183
174	184
175	185
176	186
177	187
178	188
179	190
180	192
181	193
182	194
183	195
184	196
185	197
186	198
187	200
188	201
189	202
190	203
191	204
192	205
193	206
194	207
195	208
196	209
197	210
198	211
199	212
200	213
201	214
202	215
203	216
204	217
205	218
206	221
207	222
208	223
209	224
210	225
211	226
212	227
213	228
214	229
215	230
216	231
217	232
218	233
219	234
220	236
221	237
222	238
223	240
224	241
225	242
226	243
227	244
228	245
229	246
230	247
231	248
232	249
233	250
234	251
235	252
236	253
237	254
238	255
239	256
240	257
241	258
242	259
243	260
244	262
245	264
246	265
247	266
248	267
249	268
250	269
251	271
252	272
253	273
254	274
255	275
256	276
257	277
258	278
259	279
260	280
261	281
262	282
263	283
264	284
265	286
266	287
267	288
268	290
269	291
270	292
271	293
272	294
273	295
274	296
275	298
276	299
277	300
278	302
279	303
280	304
281	305
282	306
283	307
284	308
285	309
286	310
287	311
288	312
289	313
290	314
291	315
292	316
293	317
294	318
295	319
296	320
297	321
298	322
299	323
300	324
301	326
302	327
303	328
304	9508
305	330
306	331
307	332
308	333
309	334
310	335
311	337
312	338
313	339
314	340
315	341
316	344
317	346
318	349
319	350
320	351
321	352
322	353
323	354
324	355
325	356
326	357
327	358
328	359
329	361
330	362
331	363
332	364
333	366
334	367
335	369
336	370
337	371
338	372
339	374
340	376
341	377
342	378
343	379
344	380
345	381
346	382
347	383
348	385
349	386
350	387
351	388
352	389
353	390
354	391
355	392
356	393
357	394
358	395
359	396
360	397
361	399
362	401
363	402
364	403
365	404
366	405
367	406
368	408
369	410
370	411
371	412
372	413
373	414
374	415
375	416
376	417
377	418
378	419
379	420
380	422
381	423
382	424
383	425
384	426
385	427
386	428
387	429
388	430
389	431
390	432
391	433
392	434
393	435
394	436
395	438
396	440
397	441
398	442
399	444
400	445
401	446
402	447
403	448
404	449
405	450
406	453
407	454
408	455
409	457
410	458
411	459
412	460
413	463
414	464
415	466
416	467
417	468
418	469
419	472
420	474
421	475
422	476
423	477
424	478
425	479
426	480
427	481
428	482
429	483
430	484
431	486
432	487
433	488
434	489
435	491
436	492
437	493
438	494
439	496
440	497
441	498
442	499
443	500
444	501
445	502
446	503
447	505
448	506
449	507
450	509
451	510
452	511
453	514
454	515
455	516
456	517
457	520
458	521
459	522
460	523
461	524
462	525
463	527
464	530
465	532
466	533
467	534
468	535
469	536
470	537
471	539
472	540
473	541
474	542
475	544
476	545
477	546
478	548
479	549
480	550
481	551
482	552
483	553
484	556
485	557
486	558
487	559
488	560
489	562
490	565
491	566
492	567
493	568
494	569
495	570
496	572
497	573
498	574
499	575
500	576
501	578
502	579
503	580
504	582
505	583
506	584
507	585
508	586
509	588
510	589
511	590
512	592
513	593
514	595
515	9927
516	598
517	600
518	603
519	604
520	605
521	608
522	609
523	610
524	611
525	612
526	614
527	615
528	617
529	618
530	619
531	621
532	623
533	625
534	626
535	627
536	628
537	630
538	631
539	632
540	633
541	635
542	638
543	639
544	640
545	641
546	644
547	645
548	646
549	648
550	650
551	651
552	652
553	653
554	654
555	656
556	657
557	658
558	659
559	660
560	661
561	662
562	663
563	664
564	666
565	667
566	668
567	669
568	670
569	671
570	672
571	673
572	674
573	675
574	676
575	677
576	678
577	680
578	682
579	683
580	684
581	686
582	689
583	690
584	691
585	692
586	693
587	694
588	696
589	697
590	698
591	699
592	700
593	702
594	703
595	705
596	706
597	707
598	708
599	711
600	712
601	713
602	714
603	715
604	716
605	717
606	719
607	720
608	721
609	723
610	724
611	726
612	727
613	728
614	730
615	731
616	732
617	735
618	737
619	738
620	739
621	741
622	742
623	743
624	744
625	745
626	746
627	747
628	748
629	749
630	750
631	753
632	754
633	755
634	756
635	757
636	758
637	761
638	763
639	764
640	765
641	766
642	767
643	768
644	769
645	773
646	774
647	775
648	778
649	779
650	780
651	782
652	784
653	785
654	786
655	790
656	792
657	793
658	795
659	796
660	798
661	799
662	801
663	804
664	805
665	807
666	808
667	809
668	812
669	816
670	817
671	818
672	819
673	822
674	823
675	824
676	825
677	826
678	829
679	830
680	831
681	832
682	833
683	837
684	838
685	840
686	841
687	842
688	843
689	844
690	845
691	846
692	848
693	849
694	850
695	852
696	855
697	856
698	857
699	858
700	860
701	862
702	863
703	865
704	867
705	869
706	872
707	873
708	874
709	875
710	876
711	877
712	878
713	879
714	881
715	882
716	884
717	885
718	888
719	889
720	892
721	893
722	894
723	897
724	899
725	901
726	903
727	904
728	905
729	906
730	907
731	910
732	914
733	915
734	916
735	917
736	918
737	919
738	920
739	921
740	922
741	923
742	928
743	929
744	931
745	932
746	934
747	935
748	936
749	937
750	938
751	941
752	11542
753	944
754	945
755	946
756	947
757	948
758	950
759	951
760	953
761	954
762	955
763	957
764	958
765	960
766	964
767	966
768	967
769	968
770	969
771	970
772	972
773	974
774	978
775	980
776	981
777	982
778	984
779	985
780	987
781	991
782	992
783	994
784	995
785	997
786	998
787	999
788	1003
789	1004
790	1005
791	1006
792	1007
793	1008
794	1012
795	1018
796	1019
797	1020
798	1021
799	1025
800	1029
801	1030
802	1031
803	1032
804	1034
805	1035
806	1036
807	1038
808	1039
809	1040
810	1041
811	1043
812	1046
813	1047
814	1048
815	1049
816	1051
817	1052
818	1054
819	1056
820	1058
821	1061
822	1065
823	1067
824	1072
825	1073
826	1074
827	1075
828	1077
829	1078
830	1080
831	1083
832	10753
833	1085
834	1086
835	1087
836	1088
837	1089
838	1091
839	1092
840	10778
841	1094
842	1095
843	1096
844	1098
845	1100
846	1101
847	1102
848	1103
849	1105
850	1107
851	1110
852	1112
853	1113
854	1116
855	1118
856	9300
857	1122
858	1123
859	1124
860	1125
861	1126
862	1127
863	1128
864	1129
865	1130
866	1131
867	1132
868	1135
869	1138
870	1140
871	1141
872	1148
873	1149
874	1150
875	1152
876	1153
877	1155
878	1157
879	1158
880	1159
881	1160
882	1161
883	1163
884	1164
885	1168
886	1169
887	1171
888	1172
889	1175
890	1176
891	1177
892	1179
893	1181
894	1185
895	1188
896	1189
897	1191
898	1192
899	1198
900	1199
901	1202
902	1204
903	1205
904	1206
905	1208
906	1209
907	1210
908	1213
909	1214
910	1215
911	1216
912	1220
913	1222
914	1224
915	1227
916	1228
917	1230
918	1231
919	1233
920	1234
921	1235
922	1236
923	11035
924	1240
925	1241
926	1242
927	1243
928	1245
929	1249
930	1251
931	1252
932	1253
933	1255
934	1256
935	1257
936	1259
937	1262
938	1266
939	1267
940	1268
941	1269
942	1270
943	11079
944	1272
945	1273
946	1274
947	1276
948	1281
949	1284
950	1287
951	1288
952	1291
953	1292
954	1294
955	1295
956	1296
957	1297
958	1300
959	1301
960	1303
961	1305
962	1306
963	1308
964	1309
965	1312
966	1313
967	1314
968	1315
969	1317
970	1318
971	1320
972	1321
973	1322
974	1325
975	1326
976	1329
977	1335
978	1336
979	1339
980	1341
981	1342
982	1344
983	1346
984	1350
985	1352
986	1355
987	1356
988	1358
989	1362
990	1363
991	1364
992	1368
993	1369
994	1370
995	1371
996	1372
997	1373
998	1375
999	1376
1000	1377
1001	11275
1002	1381
1003	1385
1004	1388
1005	1391
1006	1392
1007	1393
1008	1395
1009	1396
1010	1397
1011	1398
1012	1399
1013	1400
1014	1403
1015	1406
1016	1407
1017	1408
1018	1409
1019	1412
1020	1413
1021	1415
1022	1416
1023	1417
1024	1424
1025	1425
1026	1427
1027	1428
1028	1431
1029	1432
1030	1433
1031	1435
1032	1436
1033	1439
1034	1440
1035	1442
1036	1445
1037	1447
1038	1450
1039	1452
1040	1453
1041	1454
1042	1457
1043	1459
1044	1460
1045	1464
1046	1465
1047	1466
1048	1467
1049	1468
1050	1469
1051	1471
1052	1472
1053	1474
1054	1475
1055	1476
1056	1477
1057	1480
1058	1481
1059	1482
1060	1485
1061	1486
1062	1488
1063	1489
1064	1490
1065	1492
1066	1496
1067	1501
1068	1503
1069	1506
1070	1507
1071	1508
1072	1511
1073	1512
1074	1513
1075	1514
1076	1519
1077	1524
1078	1527
1079	1528
1080	1529
1081	1532
1082	1534
1083	1537
1084	1538
1085	1540
1086	1541
1087	1542
1088	1543
1089	1544
1090	1548
1091	1549
1092	1551
1093	1559
1094	1560
1095	1561
1096	1562
1097	1563
1098	1565
1099	1568
1100	1569
1101	1571
1102	1572
1103	1578
1104	1579
1105	1581
1106	1582
1107	1585
1108	1586
1109	1590
1110	1591
1111	1594
1112	1595
1113	1596
1114	1597
1115	1598
1116	1603
1117	1605
1118	1606
1119	1607
1120	1609
1121	1610
1122	1613
1123	1614
1124	1615
1125	1616
1126	1619
1127	1623
1128	1628
1129	1629
1130	1630
1131	1631
1132	1633
1133	1634
1134	1635
1135	1638
1136	1641
1137	1645
1138	1646
1139	1647
1140	1648
1141	1651
1142	1653
1143	1654
1144	1655
1145	1656
1146	1660
1147	1661
1148	1663
1149	1667
1150	1669
1151	1671
1152	1673
1153	1674
1154	1675
1155	1677
1156	1681
1157	1683
1158	1684
1159	1685
1160	1692
1161	1693
1162	1694
1163	1696
1164	1699
1165	1703
1166	1704
1167	1708
1168	1710
1169	1715
1170	1719
1171	1720
1172	1722
1173	1723
1174	1725
1175	1726
1176	1728
1177	11935
1178	1731
1179	1738
1180	1742
1181	1743
1182	1745
1183	1747
1184	1751
1185	1754
1186	1758
1187	1760
1188	1763
1189	1765
1190	11998
1191	1767
1192	1772
1193	1773
1194	1780
1195	1783
1196	1789
1197	1793
1198	1794
1199	1796
1200	1799
1201	1801
1202	1802
1203	1803
1204	1804
1205	1806
1206	1807
1207	1808
1208	1815
1209	1819
1210	1820
1211	1822
1212	1830
1213	1831
1214	1833
1215	1836
1216	1840
1217	1845
1218	1847
1219	1848
1220	1850
1221	1855
1222	1857
1223	1859
1224	1862
1225	1865
1226	1866
1227	1867
1228	1869
1229	1874
1230	1876
1231	1878
1232	1880
1233	1881
1234	1883
1235	1885
1236	1886
1237	1891
1238	1893
1239	1898
1240	1899
1241	1902
1242	1905
1243	1906
1244	1907
1245	1909
1246	1915
1247	1916
1248	1919
1249	1924
1250	1929
1251	1931
1252	1932
1253	1933
1254	1935
1255	1940
1256	1941
1257	1942
1258	1943
1259	1944
1260	1945
1261	1946
1262	1948
1263	1950
1264	1958
1265	1961
1266	1963
1267	1965
1268	1967
1269	1972
1270	1974
1271	1977
1272	1979
1273	1982
1274	1983
1275	1984
1276	1987
1277	1988
1278	1990
1279	1991
1280	1993
1281	1997
1282	1998
1283	2001
1284	2003
1285	2005
1286	2006
1287	2008
1288	2010
1289	2011
1290	2012
1291	2014
1292	2017
1293	2019
1294	2023
1295	2024
1296	2029
1297	2032
1298	2033
1299	2036
1300	2041
1301	2044
1302	2045
1303	2046
1304	2047
1305	2049
1306	2050
1307	2057
1308	2059
1309	2060
1310	2061
1311	2063
1312	2064
1313	2065
1314	2066
1315	2069
1316	2070
1317	2072
1318	2084
1319	2086
1320	2088
1321	2089
1322	2091
1323	2092
1324	2093
1325	2098
1326	2102
1327	2104
1328	2108
1329	2109
1330	2112
1331	2114
1332	2115
1333	2118
1334	2119
1335	2125
1336	2126
1337	2129
1338	2132
1339	2133
1340	2137
1341	2140
1342	2142
1343	2145
1344	2146
1345	2150
1346	2152
1347	2153
1348	2160
1349	2169
1350	2175
1351	2176
1352	2178
1353	2179
1354	2192
1355	9560
1356	2194
1357	2198
1358	2200
1359	2201
1360	2207
1361	2210
1362	2213
1363	2217
1364	2219
1365	2225
1366	2233
1367	2236
1368	2237
1369	2241
1370	2243
1371	2248
1372	2253
1373	2254
1374	2255
1375	2256
1376	2258
1377	2260
1378	2263
1379	2266
1380	2269
1381	2277
1382	2278
1383	2282
1384	2284
1385	2285
1386	2287
1387	2288
1388	2304
1389	2306
1390	2310
1391	2311
1392	2313
1393	2315
1394	2317
1395	2320
1396	2324
1397	2328
1398	2329
1399	2338
1400	13132
1401	2348
1402	2349
1403	2350
1404	2352
1405	2359
1406	2365
1407	2371
1408	2372
1409	2373
1410	2375
1411	2379
1412	2381
1413	2382
1414	2383
1415	2384
1416	2388
1417	2389
1418	2391
1419	2393
1420	13267
1421	2398
1422	2400
1423	2407
1424	2412
1425	2417
1426	2418
1427	2419
1428	2421
1429	2425
1430	13334
1431	2428
1432	2433
1433	2434
1434	2435
1435	2436
1436	2442
1437	2452
1438	2453
1439	2457
1440	2459
1441	2462
1442	2470
1443	2473
1444	2475
1445	2476
1446	2478
1447	2486
1448	2490
1449	2496
1450	2497
1451	2498
1452	2501
1453	2502
1454	2504
1455	2505
1456	2510
1457	2519
1458	2528
1459	2530
1460	2535
1461	2538
1462	2539
1463	2540
1464	2543
1465	2546
1466	2547
1467	2552
1468	2554
1469	2555
1470	2572
1471	2573
1472	2574
1473	2579
1474	2581
1475	2586
1476	2589
1477	2601
1478	2607
1479	2613
1480	2614
1481	2621
1482	2624
1483	2637
1484	2643
1485	2644
1486	2648
1487	2653
1488	2655
1489	2656
1490	2660
1491	2662
1492	2664
1493	2665
1494	2666
1495	2670
1496	2671
1497	2673
1498	2681
1499	2683
1500	2686
1501	2688
1502	2692
1503	2700
1504	2717
1505	9693
1506	2726
1507	2728
1508	2732
1509	2733
1510	2742
1511	2744
1512	2747
1513	2761
1514	2763
1515	2765
1516	2767
1517	2773
1518	2780
1519	2782
1520	2787
1521	2790
1522	2792
1523	2795
1524	14200
1525	2800
1526	2801
1527	2803
1528	2804
1529	2808
1530	2810
1531	2812
1532	2816
1533	2819
1534	2822
1535	2823
1536	2824
1537	2832
1538	2839
1539	2841
1540	2844
1541	2845
1542	2846
1543	2848
1544	2850
1545	2851
1546	2854
1547	2858
1548	2863
1549	2866
1550	2867
1551	2871
1552	2873
1553	2875
1554	2882
1555	2884
1556	2898
1557	2899
1558	2900
1559	2901
1560	2903
1561	2904
1562	2907
1563	2916
1564	2918
1565	2919
1566	2920
1567	2924
1568	2927
1569	2930
1570	2938
1571	2941
1572	2943
1573	2944
1574	14552
1575	2950
1576	2952
1577	2957
1578	2964
1579	2973
1580	2978
1581	2983
1582	2984
1583	2992
1584	2993
1585	2995
1586	2996
1587	2998
1588	2999
1589	3001
1590	3016
1591	3018
1592	3028
1593	3030
1594	3035
1595	3044
1596	3052
1597	3054
1598	3057
1599	3066
1600	3069
1601	3076
1602	3086
1603	3089
1604	3094
1605	3104
1606	3109
1607	3121
1608	3124
1609	3127
1610	3136
1611	3138
1612	3144
1613	3150
1614	3161
1615	3163
1616	3164
1617	3180
1618	3182
1619	3188
1620	3189
1621	9837
1622	3203
1623	3204
1624	3207
1625	3217
1626	3222
1627	3226
1628	3234
1629	3237
1630	3238
1631	3239
1632	3242
1633	3251
1634	3266
1635	3269
1636	3274
1637	3276
1638	3278
1639	3288
1640	3296
1641	3304
1642	3315
1643	3316
1644	3318
1645	3323
1646	3329
1647	3347
1648	3348
1649	3350
1650	3355
1651	3356
1652	3361
1653	3362
1654	3364
1655	3365
1656	3383
1657	3384
1658	3392
1659	3395
1660	3399
1661	3401
1662	3404
1663	3408
1664	3413
1665	3415
1666	3420
1667	3429
1668	3432
1669	3433
1670	3437
1671	3439
1672	3440
1673	3442
1674	3454
1675	3457
1676	3460
1677	3467
1678	3471
1679	3483
1680	3488
1681	3494
1682	3506
1683	3514
1684	3526
1685	3530
1686	3533
1687	3537
1688	3538
1689	3539
1690	3558
1691	3565
1692	3567
1693	3581
1694	3586
1695	3588
1696	3590
1697	3602
1698	3605
1699	3611
1700	3615
1701	3616
1702	3617
1703	3624
1704	3636
1705	3643
1706	3644
1707	3646
1708	3650
1709	3651
1710	3654
1711	3658
1712	3669
1713	3678
1714	3682
1715	3701
1716	3716
1717	3723
1718	3735
1719	3741
1720	3743
1721	3744
1722	3754
1723	3756
1724	3765
1725	3767
1726	3788
1727	3790
1728	3794
1729	3801
1730	3804
1731	3808
1732	3811
1733	3813
1734	3814
1735	3818
1736	3835
1737	3837
1738	3841
1739	3842
1740	3845
1741	3850
1742	3853
1743	3871
1744	3872
1745	3874
1746	3875
1747	3887
1748	3896
1749	3897
1750	3903
1751	3921
1752	3923
1753	3944
1754	3952
1755	3963
1756	3972
1757	3983
1758	3992
1759	3993
1760	3995
1761	4002
1762	4010
1763	4020
1764	4024
1765	4027
1766	4029
1767	4036
1768	4047
1769	4049
1770	4062
1771	4064
1772	4069
1773	4070
1774	4096
1775	4114
1776	4116
1777	4136
1778	4139
1779	4147
1780	4156
1781	4158
1782	4174
1783	4177
1784	10082
1785	4179
1786	12581
1787	4186
1788	4196
1789	4203
1790	4219
1791	4227
1792	4249
1793	4252
1794	4258
1795	4262
1796	4267
1797	4277
1798	4278
1799	4280
1800	4299
1801	4312
1802	4313
1803	4339
1804	4344
1805	4345
1806	4366
1807	4374
1808	4387
1809	4389
1810	4396
1811	4412
1812	4418
1813	4422
1814	4425
1815	4434
1816	4446
1817	4456
1818	4459
1819	4470
1820	4478
1821	4484
1822	4488
1823	4490
1824	4513
1825	4529
1826	4539
1827	4553
1828	4562
1829	4567
1830	4575
1831	4578
1832	4580
1833	4582
1834	4601
1835	4602
1836	4603
1837	4611
1838	4616
1839	4622
1840	4627
1841	4648
1842	4681
1843	4684
1844	4686
1845	4712
1846	4714
1847	4725
1848	4751
1849	4759
1850	4792
1851	4818
1852	4840
1853	4843
1854	4847
1855	4852
1856	4860
1857	4864
1858	4893
1859	4903
1860	4912
1861	4918
1862	4931
1863	4950
1864	4953
1865	4954
1866	4964
1867	4974
1868	4975
1869	4982
1870	4992
1871	5003
1872	5014
1873	5030
1874	5046
1875	5055
1876	5086
1877	5091
1878	5099
1879	10334
1880	5156
1881	5162
1882	5163
1883	5166
1884	5181
1885	5186
1886	5199
1887	5214
1888	5219
1889	5220
1890	5221
1891	9271
1892	5246
1893	5254
1894	5263
1895	5268
1896	5307
1897	5314
1898	5316
1899	5318
1900	5324
1901	5344
1902	5350
1903	5368
1904	5370
1905	5383
1906	5388
1907	12941
1908	5447
1909	5457
1910	5465
1911	5476
1912	5503
1913	5538
1914	5573
1915	5602
1916	5604
1917	5620
1918	5652
1919	5654
1920	5666
1921	5707
1922	5710
1923	5731
1924	5743
1925	5751
1926	5753
1927	5757
1928	5773
1929	13057
1930	5818
1931	5860
1932	5861
1933	5940
1934	6015
1935	6043
1936	6062
1937	6068
1938	6086
1939	6115
1940	6128
1941	6196
1942	6259
1943	6297
1944	6307
1945	6339
1946	6343
1947	6355
1948	6397
1949	6525
1950	6573
1951	6618
1952	6619
1953	6627
1954	6680
1955	6751
1956	6767
1957	6799
1958	6830
1959	6837
1960	7028
1961	7039
1962	7077
1963	7085
1964	7138
1965	7175
1966	7204
1967	7222
1968	7345
1969	7359
1970	7372
1971	7398
1972	7417
1973	7452
1974	7564
1975	7596
1976	7605
1977	7716
1978	10982
1979	7756
1980	7767
1981	7808
1982	7833
1983	7871
1984	7928
1985	8092
1986	8179
1987	8196
1988	8223
1989	8250
1990	8256
1991	8388
1992	8521
1993	8565
1994	12247
1995	8808
1996	8822
1997	8972
1998	8982
1999	9038
