0	2
1	3
2	4
3	5
4	6
5	7
6	8
7	9
8	10
9	11
10	12
11	13
12	14
13	15
14	16
15	17
16	18
17	19
18	20
19	21
20	22
21	23
22	24
23	25
24	26
25	27
26	28
27	29
28	30
29	31
30	32
31	33
32	34
33	35
34	36
35	37
36	38
37	39
38	40
39	41
40	42
41	43
42	44
43	45
44	46
45	47
46	48
47	49
48	51
49	52
50	53
51	54
52	55
53	56
54	57
55	58
56	59
57	60
58	61
59	62
60	63
61	64
62	65
63	66
64	67
65	68
66	69
67	70
68	71
69	72
70	73
71	74
72	75
73	76
74	77
75	78
76	79
77	80
78	81
79	82
80	83
81	84
82	85
83	86
84	87
85	88
86	89
87	90
88	91
89	92
90	93
91	94
92	95
93	96
94	97
95	99
96	100
97	101
98	102
99	103
100	104
101	105
102	106
103	107
104	108
105	109
106	110
107	111
108	112
109	113
110	114
111	115
112	116
113	117
114	118
115	119
116	120
117	121
118	122
119	123
120	124
121	125
122	126
123	127
124	128
125	129
126	130
127	131
128	132
129	133
130	134
131	135
132	136
133	137
134	138
135	139
136	141
137	142
138	143
139	144
140	145
141	146
142	147
143	148
144	149
145	150
146	151
147	152
148	153
149	154
150	155
151	156
152	157
153	158
154	159
155	161
156	162
157	163
158	164
159	165
160	166
161	167
162	168
163	169
164	170
165	171
166	172
167	173
168	174
169	175
170	176
171	177
172	178
173	179
174	180
175	181
176	182
177	183
178	184
179	185
180	187
181	188
182	189
183	190
184	191
185	192
186	193
187	194
188	195
189	196
190	197
191	198
192	199
193	200
194	201
195	202
196	203
197	204
198	205
199	206
200	207
201	208
202	209
203	210
204	211
205	212
206	213
207	214
208	215
209	217
210	218
211	219
212	220
213	221
214	222
215	223
216	224
217	225
218	226
219	227
220	228
221	229
222	230
223	232
224	233
225	234
226	235
227	236
228	238
229	239
230	240
231	241
232	242
233	243
234	244
235	245
236	246
237	247
238	248
239	249
240	250
241	251
242	252
243	253
244	255
245	256
246	258
247	259
248	260
249	261
250	262
251	263
252	264
253	265
254	266
255	267
256	268
257	269
258	270
259	272
260	273
261	274
262	276
263	277
264	278
265	279
266	280
267	281
268	282
269	284
270	285
271	287
272	288
273	289
274	290
275	291
276	292
277	293
278	294
279	295
280	296
281	298
282	300
283	301
284	302
285	304
286	305
287	306
288	307
289	308
290	309
291	310
292	312
293	313
294	314
295	315
296	316
297	317
298	318
299	319
300	320
301	321
302	322
303	323
304	324
305	325
306	326
307	327
308	9542
309	329
310	330
311	331
312	332
313	333
314	334
315	335
316	336
317	337
318	338
319	340
320	341
321	342
322	343
323	344
324	345
325	346
326	347
327	348
328	349
329	350
330	351
331	352
332	353
333	354
334	355
335	356
336	357
337	358
338	359
339	360
340	362
341	363
342	364
343	365
344	367
345	369
346	370
347	371
348	372
349	373
350	374
351	375
352	376
353	377
354	378
355	379
356	380
357	381
358	382
359	383
360	386
361	387
362	388
363	389
364	391
365	392
366	393
367	394
368	395
369	396
370	397
371	398
372	399
373	400
374	401
375	403
376	404
377	405
378	406
379	407
380	408
381	409
382	411
383	412
384	413
385	414
386	415
387	416
388	417
389	419
390	420
391	421
392	422
393	423
394	424
395	425
396	426
397	428
398	429
399	430
400	431
401	432
402	433
403	434
404	435
405	436
406	438
407	439
408	441
409	442
410	443
411	445
412	446
413	447
414	448
415	449
416	450
417	451
418	454
419	457
420	459
421	460
422	461
423	462
424	463
425	464
426	466
427	467
428	468
429	469
430	470
431	471
432	472
433	473
434	474
435	475
436	476
437	478
438	479
439	480
440	481
441	482
442	483
443	485
444	486
445	487
446	488
447	491
448	492
449	493
450	494
451	495
452	496
453	497
454	498
455	499
456	503
457	504
458	505
459	507
460	508
461	509
462	510
463	511
464	512
465	513
466	514
467	515
468	516
469	517
470	518
471	519
472	520
473	521
474	522
475	523
476	525
477	529
478	531
479	532
480	533
481	534
482	535
483	536
484	537
485	538
486	541
487	543
488	546
489	547
490	548
491	549
492	550
493	551
494	552
495	553
496	554
497	555
498	556
499	557
500	558
501	559
502	560
503	561
504	563
505	565
506	566
507	568
508	572
509	573
510	575
511	576
512	578
513	580
514	581
515	583
516	584
517	585
518	586
519	587
520	589
521	591
522	592
523	593
524	594
525	595
526	596
527	597
528	598
529	599
530	600
531	602
532	604
533	605
534	607
535	608
536	609
537	610
538	611
539	612
540	613
541	615
542	616
543	617
544	618
545	619
546	624
547	625
548	626
549	627
550	629
551	630
552	631
553	633
554	635
555	636
556	640
557	641
558	642
559	643
560	645
561	646
562	647
563	649
564	650
565	651
566	653
567	654
568	655
569	659
570	660
571	661
572	662
573	664
574	665
575	667
576	670
577	672
578	673
579	674
580	675
581	676
582	677
583	678
584	680
585	682
586	683
587	685
588	686
589	687
590	689
591	691
592	692
593	693
594	694
595	695
596	696
597	697
598	698
599	699
600	700
601	701
602	702
603	707
604	709
605	710
606	711
607	712
608	714
609	715
610	716
611	717
612	719
613	720
614	723
615	724
616	726
617	728
618	729
619	730
620	731
621	733
622	734
623	737
624	738
625	739
626	740
627	741
628	743
629	744
630	746
631	748
632	749
633	750
634	751
635	752
636	754
637	755
638	756
639	757
640	760
641	761
642	762
643	765
644	768
645	769
646	770
647	771
648	773
649	774
650	775
651	776
652	777
653	780
654	782
655	784
656	785
657	786
658	787
659	788
660	790
661	791
662	793
663	794
664	795
665	796
666	798
667	799
668	801
669	802
670	804
671	805
672	806
673	807
674	808
675	809
676	810
677	812
678	813
679	814
680	815
681	816
682	817
683	818
684	821
685	823
686	824
687	826
688	829
689	831
690	832
691	833
692	834
693	837
694	838
695	839
696	840
697	841
698	842
699	844
700	845
701	846
702	848
703	849
704	854
705	857
706	858
707	859
708	860
709	862
710	863
711	864
712	865
713	866
714	869
715	870
716	871
717	874
718	878
719	880
720	883
721	886
722	887
723	888
724	890
725	891
726	894
727	895
728	896
729	899
730	901
731	902
732	905
733	906
734	907
735	908
736	909
737	910
738	911
739	912
740	913
741	914
742	915
743	917
744	919
745	920
746	923
747	924
748	927
749	928
750	929
751	930
752	931
753	934
754	937
755	938
756	939
757	940
758	943
759	945
760	946
761	950
762	951
763	953
764	954
765	955
766	956
767	958
768	959
769	960
770	961
771	962
772	963
773	964
774	965
775	966
776	967
777	971
778	973
779	975
780	976
781	979
782	980
783	981
784	983
785	984
786	988
787	989
788	990
789	991
790	992
791	996
792	998
793	999
794	1000
795	1001
796	1003
797	1004
798	1009
799	1010
800	1012
801	1014
802	1015
803	1016
804	1017
805	1018
806	1021
807	1022
808	1024
809	1026
810	1027
811	1028
812	1029
813	1030
814	1031
815	1032
816	1035
817	1036
818	1038
819	1039
820	1041
821	1043
822	1044
823	1045
824	1051
825	1052
826	1053
827	1054
828	1055
829	1056
830	1058
831	1060
832	1062
833	1063
834	10751
835	1066
836	1067
837	1069
838	1071
839	1072
840	1073
841	1076
842	1077
843	1078
844	1079
845	1080
846	1081
847	9306
848	1084
849	1089
850	1092
851	1094
852	1095
853	1096
854	1098
855	1099
856	1101
857	1102
858	1103
859	1104
860	1105
861	1110
862	1112
863	1114
864	1117
865	1118
866	1120
867	1121
868	1122
869	1125
870	1126
871	1128
872	1129
873	1130
874	1131
875	1132
876	1134
877	1135
878	1137
879	1140
880	1142
881	1145
882	1147
883	1149
884	1151
885	1153
886	1154
887	1156
888	1157
889	1159
890	1163
891	1166
892	1167
893	1171
894	1172
895	1174
896	1175
897	1176
898	1179
899	1180
900	1181
901	1182
902	1183
903	1186
904	1189
905	1190
906	1192
907	1193
908	1194
909	1195
910	1197
911	1200
912	1205
913	1209
914	1210
915	1213
916	1215
917	1216
918	1217
919	1221
920	1222
921	1224
922	1226
923	1227
924	1228
925	1229
926	1231
927	1234
928	1235
929	1236
930	1238
931	1239
932	1241
933	1242
934	1244
935	1247
936	1248
937	1249
938	1250
939	1251
940	1253
941	1254
942	1257
943	1262
944	1264
945	1266
946	1267
947	1268
948	1271
949	1272
950	1276
951	1277
952	1278
953	1279
954	1280
955	1281
956	1282
957	1284
958	1290
959	1291
960	1298
961	1299
962	1300
963	1301
964	1305
965	1306
966	1308
967	1309
968	1311
969	1313
970	1314
971	1315
972	1317
973	1318
974	1319
975	1320
976	1321
977	1322
978	1323
979	1324
980	1325
981	1330
982	1331
983	1336
984	1338
985	1340
986	1341
987	1343
988	1344
989	11221
990	1346
991	1347
992	1348
993	1349
994	1350
995	1351
996	1352
997	1353
998	1354
999	1355
1000	1357
1001	1358
1002	1360
1003	1362
1004	1363
1005	1364
1006	1365
1007	1366
1008	1367
1009	1368
1010	1370
1011	1373
1012	1374
1013	1377
1014	1379
1015	1380
1016	1382
1017	1383
1018	1384
1019	1385
1020	1386
1021	1387
1022	1388
1023	1393
1024	1395
1025	1397
1026	1398
1027	1399
1028	1403
1029	1405
1030	1406
1031	1407
1032	1409
1033	1416
1034	1417
1035	1418
1036	1421
1037	1423
1038	1427
1039	1428
1040	1429
1041	1430
1042	1431
1043	1433
1044	11390
1045	1437
1046	1438
1047	1441
1048	1445
1049	1447
1050	1448
1051	1452
1052	1454
1053	1457
1054	1461
1055	1462
1056	1465
1057	1467
1058	1471
1059	1473
1060	1476
1061	1477
1062	1478
1063	1479
1064	1481
1065	1482
1066	1484
1067	1486
1068	1488
1069	1493
1070	1495
1071	1496
1072	11540
1073	1498
1074	1499
1075	1501
1076	1503
1077	1505
1078	1506
1079	1507
1080	1508
1081	1509
1082	1511
1083	1517
1084	1520
1085	1521
1086	1524
1087	1527
1088	1528
1089	1531
1090	1532
1091	1533
1092	1534
1093	1535
1094	1536
1095	1537
1096	1538
1097	1539
1098	1543
1099	1544
1100	1545
1101	1546
1102	1558
1103	1559
1104	1560
1105	1562
1106	1564
1107	1566
1108	1567
1109	1568
1110	1573
1111	1575
1112	1577
1113	1586
1114	1587
1115	1588
1116	1589
1117	1592
1118	1597
1119	1598
1120	1600
1121	1601
1122	1602
1123	1603
1124	1606
1125	1609
1126	1612
1127	1615
1128	1616
1129	1617
1130	1618
1131	1619
1132	1620
1133	1627
1134	1630
1135	1633
1136	1635
1137	1636
1138	1637
1139	1640
1140	1643
1141	1644
1142	1645
1143	1648
1144	1651
1145	1659
1146	1663
1147	1665
1148	1666
1149	1673
1150	1674
1151	1676
1152	1680
1153	1684
1154	1685
1155	1690
1156	1693
1157	1694
1158	1696
1159	1697
1160	1698
1161	1701
1162	1707
1163	1709
1164	11942
1165	1712
1166	1714
1167	1715
1168	11955
1169	1717
1170	1720
1171	1721
1172	1722
1173	1724
1174	1729
1175	1732
1176	1733
1177	1734
1178	1735
1179	1736
1180	1737
1181	1738
1182	1739
1183	1740
1184	1743
1185	1751
1186	1752
1187	1753
1188	1754
1189	1759
1190	1767
1191	1769
1192	1770
1193	1771
1194	1774
1195	1775
1196	1776
1197	1778
1198	1779
1199	1780
1200	1781
1201	1783
1202	1784
1203	1786
1204	1788
1205	1789
1206	1795
1207	1796
1208	1797
1209	1799
1210	1800
1211	1803
1212	1804
1213	1805
1214	1807
1215	1812
1216	1817
1217	1819
1218	12131
1219	1827
1220	1829
1221	1830
1222	1833
1223	1835
1224	1836
1225	1837
1226	1841
1227	1842
1228	1844
1229	1847
1230	1849
1231	1853
1232	1861
1233	1862
1234	1867
1235	1869
1236	1874
1237	1876
1238	1880
1239	1885
1240	1889
1241	1890
1242	1893
1243	1894
1244	1900
1245	1901
1246	1904
1247	1907
1248	12292
1249	1911
1250	1912
1251	1918
1252	1919
1253	1920
1254	1922
1255	1923
1256	1925
1257	1926
1258	1928
1259	1931
1260	1933
1261	1934
1262	1936
1263	1938
1264	1939
1265	1941
1266	1944
1267	1947
1268	1948
1269	1955
1270	1956
1271	1963
1272	1969
1273	1970
1274	1971
1275	1973
1276	1974
1277	1975
1278	1976
1279	1980
1280	1982
1281	1984
1282	1989
1283	1991
1284	1994
1285	1996
1286	1998
1287	2001
1288	2002
1289	2004
1290	2005
1291	2009
1292	2013
1293	2021
1294	2026
1295	2027
1296	2028
1297	2031
1298	2035
1299	2036
1300	2037
1301	2039
1302	2047
1303	2049
1304	2050
1305	2051
1306	2052
1307	2054
1308	2056
1309	2057
1310	2059
1311	2061
1312	2063
1313	2065
1314	2067
1315	2069
1316	2071
1317	2073
1318	2075
1319	2077
1320	2078
1321	12683
1322	2084
1323	2086
1324	2088
1325	2089
1326	2090
1327	2094
1328	12720
1329	2100
1330	2104
1331	2105
1332	2106
1333	2107
1334	2108
1335	2110
1336	2115
1337	2117
1338	2121
1339	2127
1340	2131
1341	2135
1342	2136
1343	2137
1344	2138
1345	2140
1346	2142
1347	2144
1348	2146
1349	2148
1350	2151
1351	2152
1352	2154
1353	2155
1354	2164
1355	2167
1356	2168
1357	2172
1358	2174
1359	2175
1360	2178
1361	2179
1362	2181
1363	2183
1364	2186
1365	2194
1366	2195
1367	2202
1368	2203
1369	2204
1370	2206
1371	2213
1372	2217
1373	2219
1374	2223
1375	2225
1376	2230
1377	2231
1378	2233
1379	2239
1380	2240
1381	2247
1382	2248
1383	2251
1384	2252
1385	2255
1386	13032
1387	2261
1388	2266
1389	2267
1390	2268
1391	2271
1392	2277
1393	2278
1394	2279
1395	2280
1396	2282
1397	2284
1398	2285
1399	2286
1400	2288
1401	2294
1402	2303
1403	2306
1404	2309
1405	2315
1406	2319
1407	2320
1408	2322
1409	2324
1410	2327
1411	2328
1412	2334
1413	2339
1414	2342
1415	2343
1416	2349
1417	2354
1418	2355
1419	2365
1420	2368
1421	2369
1422	2371
1423	9643
1424	2374
1425	2375
1426	2377
1427	2388
1428	2390
1429	2395
1430	2396
1431	2398
1432	2400
1433	2403
1434	2407
1435	2412
1436	2416
1437	2421
1438	2428
1439	2430
1440	2434
1441	2435
1442	2443
1443	2445
1444	2449
1445	2451
1446	2456
1447	2459
1448	2462
1449	2463
1450	2464
1451	2465
1452	2467
1453	2471
1454	2472
1455	2477
1456	2482
1457	2483
1458	2485
1459	2486
1460	2487
1461	2502
1462	13599
1463	2514
1464	2515
1465	2518
1466	2525
1467	2527
1468	9680
1469	2534
1470	2538
1471	2539
1472	2545
1473	2547
1474	2551
1475	2560
1476	2569
1477	2575
1478	2580
1479	2582
1480	13740
1481	2596
1482	2597
1483	2600
1484	2601
1485	2605
1486	2610
1487	2611
1488	2613
1489	2619
1490	2624
1491	2626
1492	2629
1493	2635
1494	2644
1495	2645
1496	2649
1497	2657
1498	2658
1499	2659
1500	2666
1501	2677
1502	2679
1503	2684
1504	2686
1505	2692
1506	2696
1507	2710
1508	2712
1509	2719
1510	2722
1511	2725
1512	2729
1513	2734
1514	2741
1515	2743
1516	2745
1517	2746
1518	2754
1519	2756
1520	2764
1521	2768
1522	2769
1523	2770
1524	2771
1525	2775
1526	2777
1527	2778
1528	2789
1529	2791
1530	2793
1531	2794
1532	2797
1533	2798
1534	2800
1535	2801
1536	2802
1537	2805
1538	2806
1539	2807
1540	2808
1541	2809
1542	2810
1543	2812
1544	2813
1545	2814
1546	2819
1547	2820
1548	2823
1549	2825
1550	2827
1551	2832
1552	2841
1553	2850
1554	2851
1555	2853
1556	2858
1557	2859
1558	2865
1559	2866
1560	2867
1561	2868
1562	2870
1563	2871
1564	2877
1565	2885
1566	2892
1567	2894
1568	2899
1569	2903
1570	2904
1571	2905
1572	2924
1573	2925
1574	2928
1575	2931
1576	2933
1577	2934
1578	2939
1579	2943
1580	2944
1581	2951
1582	2954
1583	2955
1584	2957
1585	2959
1586	2960
1587	2964
1588	2969
1589	2975
1590	2977
1591	2987
1592	2989
1593	2991
1594	2992
1595	2996
1596	2997
1597	2999
1598	3004
1599	3005
1600	3008
1601	3011
1602	3017
1603	3018
1604	3020
1605	3023
1606	3024
1607	3028
1608	3032
1609	3039
1610	3041
1611	3044
1612	3046
1613	3048
1614	3056
1615	3060
1616	3072
1617	3074
1618	3075
1619	3077
1620	3078
1621	3080
1622	3091
1623	3097
1624	3107
1625	3111
1626	3112
1627	3118
1628	3123
1629	3124
1630	9062
1631	3128
1632	3130
1633	3140
1634	3141
1635	3143
1636	3148
1637	3175
1638	3181
1639	3198
1640	3199
1641	3200
1642	3211
1643	3214
1644	3215
1645	3218
1646	3233
1647	3238
1648	3243
1649	3247
1650	12290
1651	3253
1652	3256
1653	3260
1654	3264
1655	3273
1656	3282
1657	3284
1658	3286
1659	3290
1660	3301
1661	3305
1662	3307
1663	3316
1664	3317
1665	3320
1666	3329
1667	3331
1668	3333
1669	3337
1670	3340
1671	3342
1672	3356
1673	3369
1674	3371
1675	3374
1676	3377
1677	3385
1678	3401
1679	3411
1680	3413
1681	3419
1682	15862
1683	3437
1684	3440
1685	3445
1686	3463
1687	3465
1688	3467
1689	3476
1690	3486
1691	3492
1692	3494
1693	3517
1694	3519
1695	3521
1696	3523
1697	3524
1698	3534
1699	3542
1700	3547
1701	3549
1702	3556
1703	3557
1704	3559
1705	3562
1706	3569
1707	3596
1708	3602
1709	3608
1710	3615
1711	3616
1712	3623
1713	3626
1714	3636
1715	3641
1716	3665
1717	3667
1718	3668
1719	3679
1720	3684
1721	3692
1722	3706
1723	3708
1724	3712
1725	3717
1726	3722
1727	3736
1728	3743
1729	3746
1730	3747
1731	3751
1732	3752
1733	3755
1734	3764
1735	3775
1736	3795
1737	3796
1738	3807
1739	3808
1740	3811
1741	3819
1742	3822
1743	3831
1744	3835
1745	3836
1746	3848
1747	3852
1748	3859
1749	3861
1750	3867
1751	3876
1752	3880
1753	3885
1754	3893
1755	3895
1756	3896
1757	3911
1758	3925
1759	3927
1760	3932
1761	3935
1762	3936
1763	3938
1764	3943
1765	3945
1766	3956
1767	3971
1768	3973
1769	17412
1770	3977
1771	3981
1772	3986
1773	4009
1774	4018
1775	4022
1776	4025
1777	4029
1778	4033
1779	4034
1780	4048
1781	4050
1782	4056
1783	4058
1784	4064
1785	4066
1786	4072
1787	4087
1788	4092
1789	4101
1790	4107
1791	4108
1792	4109
1793	4131
1794	4137
1795	4151
1796	17858
1797	4154
1798	4155
1799	4167
1800	4173
1801	4175
1802	4177
1803	4189
1804	4194
1805	4200
1806	4202
1807	4209
1808	4222
1809	4229
1810	4245
1811	4248
1812	4251
1813	4264
1814	4266
1815	4267
1816	4276
1817	4282
1818	4293
1819	4298
1820	4320
1821	4331
1822	4344
1823	4352
1824	4360
1825	4367
1826	4388
1827	4391
1828	4392
1829	4418
1830	4426
1831	4434
1832	4461
1833	4467
1834	4478
1835	4492
1836	4512
1837	4525
1838	4532
1839	4539
1840	4543
1841	4551
1842	4555
1843	4562
1844	4605
1845	4615
1846	4630
1847	4647
1848	4650
1849	4654
1850	4667
1851	4699
1852	4762
1853	4769
1854	4773
1855	4804
1856	4807
1857	4821
1858	4831
1859	4852
1860	4856
1861	4858
1862	4891
1863	4903
1864	4940
1865	4951
1866	4986
1867	4994
1868	5019
1869	5021
1870	5022
1871	5033
1872	5048
1873	5063
1874	5076
1875	5078
1876	5080
1877	5089
1878	5108
1879	21326
1880	5124
1881	5130
1882	5137
1883	5184
1884	5190
1885	5200
1886	5204
1887	5210
1888	5233
1889	5246
1890	5257
1891	5298
1892	5313
1893	5330
1894	5349
1895	5362
1896	5374
1897	5381
1898	5382
1899	5387
1900	5390
1901	5413
1902	5436
1903	5444
1904	5451
1905	5470
1906	5479
1907	5505
1908	5532
1909	5584
1910	5610
1911	5632
1912	5665
1913	5688
1914	5717
1915	5775
1916	5776
1917	5823
1918	5845
1919	5854
1920	5866
1921	5959
1922	6011
1923	6024
1924	6047
1925	6059
1926	6062
1927	6081
1928	6099
1929	6111
1930	6124
1931	6134
1932	6253
1933	6259
1934	6294
1935	6305
1936	6331
1937	6334
1938	6350
1939	6354
1940	6364
1941	6418
1942	6420
1943	6463
1944	6575
1945	6579
1946	6607
1947	6628
1948	6646
1949	6679
1950	6744
1951	6757
1952	6766
1953	6774
1954	6797
1955	6863
1956	6866
1957	6868
1958	6908
1959	6923
1960	6955
1961	6981
1962	7126
1963	7177
1964	7208
1965	7222
1966	7275
1967	7303
1968	7361
1969	7423
1970	7436
1971	7472
1972	7504
1973	13652
1974	10970
1975	7645
1976	7684
1977	7805
1978	7827
1979	7846
1980	7866
1981	7922
1982	7974
1983	7990
1984	8033
1985	8183
1986	17585
1987	8351
1988	8363
1989	8375
1990	8399
1991	8408
1992	8503
1993	8603
1994	8695
1995	8702
1996	8856
1997	8877
1998	8904
1999	8935
